Q_meas_native,dVdQ_meas_native
0.0001389199805998942,15.284088885419838
0.003013195512079726,14.638589581458518
0.005887471043559558,13.381111179545655
0.00876174657503939,12.190673189652273
0.011636022106519222,11.067275611778314
0.014510297637999053,10.010918445923835
0.017384573169478886,9.02160169208878
0.020258848700958718,8.099325350273148
0.02313312423243855,7.244089420477053
0.02600739976391838,6.455893902700495
0.028881675295398212,5.734738796943134
0.03175595082687804,5.080624103205309
0.03463022635835788,4.493549821487022
0.037504501889837706,3.9735159517881584
0.04037877742131754,3.5205224940896187
0.04325305295279737,2.7849054912875317
0.046127328484277204,2.5900385954344074
0.04900160401575704,2.9728743257301176
0.05187587954723687,3.0268618002347694
0.0547501550787167,3.0061969140365363
0.05762443061019653,2.9470398189064326
0.060498706141676364,2.8701002899977084
0.06337298167315619,2.7903419523610182
0.06624725720463602,2.708476876581699
0.06912153273611586,2.626197261215225
0.07199580826759569,2.5493787932294936
0.07487008379907552,2.475320023547738
0.07774435933055536,2.4021854657556787
0.08061863486203519,2.33113859139587
0.08349291039351502,2.2621590766187865
0.08636718592499484,2.1925104392555568
0.08924146145647469,2.1239695968180285
0.09211573698795451,2.0582310142311826
0.09499001251943434,1.9937238190377684
0.09786428805091418,1.9335586973966201
0.10073856358239401,1.8761382762622816
0.10361283911387384,1.8200248812295285
0.10648711464535367,1.7682894686913642
0.10936139017683351,1.7158639791662154
0.11223566570831334,1.663960927889093
0.11510994123979316,1.6172706437764646
0.117984216771273,1.5723907339059906
0.12085849230275283,1.5270377240352673
0.12373276783423266,1.4817830797099987
0.1266070433657125,1.438317948255758
0.12948131889719233,1.3986969392590254
0.13235559442867215,1.3604831958263048
0.135229869960152,1.3216040735904926
0.13810414549163183,1.283503207956187
0.14097842102311164,1.2461108833774688
0.14385269655459149,1.2090863332396111
0.14672697208607133,1.1736019136337745
0.14960124761755114,1.1401109056547511
0.15247552314903098,1.1055372952312155
0.15534979868051083,1.0720227254142856
0.15822407421199064,1.0422985358280812
0.16109834974347048,1.010667068273051
0.16397262527495032,0.9798588302015787
0.16684690080643014,0.9509756858923311
0.16972117633790998,0.9206592078021458
0.1725954518693898,0.8908616674702898
0.17546972740086964,0.8620237288511134
0.17834400293234948,0.8355770536619502
0.1812182784638293,0.8091264056259888
0.18409255399530913,0.7854227698086333
0.18696682952678897,0.7618049542536482
0.1898411050582688,0.7367685431473774
0.19271538058974863,0.7137736411012838
0.19558965612122847,0.6910906175357923
0.1984639316527083,0.6716261725836148
0.20133820718418813,0.6515504039446114
0.20421248271566794,0.6301971407716564
0.20708675824714778,0.610888540268661
0.20996103377862763,0.5924586281549864
0.21283530931010744,0.5763670152346094
0.21570958484158728,0.5602116208422103
0.21858386037306712,0.5425768187579934
0.22145813590454694,0.5260942047451636
0.22433241143602678,0.5096212578588393
0.22720668696750662,0.4948115511004971
0.23008096249898644,0.48132717952671555
0.23295523803046628,0.4678962890360481
0.23582951356194612,0.4560662514282967
0.23870378909342593,0.4449752441121291
0.24157806462490578,0.4352686663744407
0.2444523401563856,0.42608185247252095
0.24732661568786543,0.41428111003597223
0.25020089121934525,0.40347640698655596
0.2530751667508251,0.39513069762449504
0.25594944228230493,0.3883461260953709
0.25882371781378477,0.38188183791851316
0.2616979933452646,0.37448078662657736
0.2645722688767444,0.36789985357756905
0.26744654440822424,0.3610465816178703
0.2703208199397041,0.35617387433069325
0.2731950954711839,0.35115828456594045
0.27606937100266377,0.34546479937637287
0.2789436465341436,0.3414019399042445
0.2818179220656234,0.33961579693232125
0.28469219759710324,0.33762181921940737
0.2875664731285831,0.33330922084576287
0.2904407486600629,0.33167153788349424
0.29331502419154276,0.3298152190075143
0.29618929972302255,0.327316816186908
0.2990635752545024,0.3268034293857909
0.30193785078598223,0.3244683502847465
0.3048121263174621,0.32204068815076425
0.3076864018489419,0.3217856125097569
0.31056067738042176,0.3220506694310643
0.31343495291190154,0.3230973623784621
0.3163092284433814,0.32269667240313993
0.3191835039748612,0.32244851290124643
0.32205777950634107,0.32401342303421643
0.3249320550378209,0.32465642633951575
0.32780633056930075,0.3252662875113401
0.33068060610078054,0.3244525466684536
0.3335548816322604,0.3234708243228397
0.3364291571637402,0.3242605929503952
0.33930343269522006,0.3271209269936435
0.3421777082266999,0.3295404668640458
0.3450519837581797,0.32777015011515687
0.34792625928965953,0.32725958552964585
0.3508005348211394,0.32751645720099987
0.3536748103526192,0.32671341354216565
0.35654908588409906,0.3270744484118495
0.3594233614155789,0.3279959680204456
0.3622976369470587,0.32660545180897316
0.36517191247853853,0.3258232858995598
0.36804618801001837,0.32876202451882364
0.3709204635414982,0.32930188777254443
0.37379473907297806,0.3288600416838108
0.37666901460445784,0.32885251021048134
0.3795432901359377,0.3262058671579098
0.3824175656674175,0.32734199517835805
0.38529184119889737,0.32867876014483954
0.3881661167303772,0.3264848247538339
0.39104039226185705,0.3274431028738718
0.39391466779333684,0.32726692479104713
0.3967889433248167,0.32618782270844804
0.3996632188562965,0.32528983242275444
0.40253749438777636,0.32353993762035316
0.4054117699192562,0.32294026149418187
0.408286045450736,0.3210586722775588
0.41116032098221583,0.3192614043805406
0.4140345965136957,0.31914916063101373
0.4169088720451755,0.31940182754249236
0.41978314757665536,0.31903433895865874
0.4226574231081352,0.3189765743221642
0.425531698639615,0.31902114436957163
0.4284059741710948,0.31780782787438966
0.43128024970257467,0.31600576020071003
0.4341545252340545,0.3158815973642959
0.43702880076553435,0.3164205040189927
0.4399030762970142,0.314945064010999
0.442777351828494,0.31431552926130735
0.4456516273599738,0.314911634225723
0.44852590289145366,0.31384757453668044
0.4514001784229335,0.3136828144084802
0.45427445395441335,0.313669573234165
0.45714872948589313,0.3123658427572309
0.460023005017373,0.3113582277766227
0.4628972805488528,0.3087812831723795
0.46577155608033266,0.30770371775463445
0.4686458316118125,0.30993230088358814
0.47152010714329234,0.3092805930467648
0.47439438267477213,0.3081589096860853
0.47726865820625197,0.30839532512425194
0.4801429337377318,0.30545649686382603
0.48301720926921166,0.3055321000630329
0.4858914848006915,0.3062736869641185
0.4887657603321713,0.30523514081289704
0.4916400358636511,0.30497440168949197
0.49451431139513097,0.30360198171354114
0.4973885869266108,0.3036320872707847
0.5002628624580906,0.30580272675331344
0.5031371379895705,0.3062957827107766
0.5060114135210503,0.30514481721070297
0.5088856890525302,0.3045710999471112
0.51175996458401,0.3035926006872387
0.5146342401154897,0.3038129571200443
0.5175085156469696,0.3054239986036009
0.5203827911784494,0.30525991422621246
0.5232570667099293,0.303245187624384
0.5261313422414091,0.30284715526317996
0.5290056177728889,0.3052139744941087
0.5318798933043688,0.30572312939739277
0.5347541688358486,0.30509357879998333
0.5376284443673285,0.3052496131498401
0.5405027198988083,0.3045161896253603
0.5433769954302882,0.3043650390310404
0.546251270961768,0.30588566858011745
0.5491255464932477,0.30603720875740237
0.5519998220247276,0.3082842073431493
0.5548740975562074,0.3097000962288803
0.5577483730876873,0.3084085675635606
0.5606226486191671,0.30819693706712314
0.5634969241506469,0.30773693721857853
0.5663711996821268,0.3095740535010236
0.5692454752136066,0.3108264347289378
0.5721197507450865,0.3078860457352448
0.5749940262765663,0.30762797478053017
0.577868301808046,0.310038981656362
0.580742577339526,0.3094339839476561
0.5836168528710057,0.31147091918865044
0.5864911284024856,0.31344815015040695
0.5893654039339654,0.31208200375920114
0.5922396794654452,0.3125347308507571
0.5951139549969251,0.31297866151237486
0.5979882305284049,0.3116272613091269
0.6008625060598848,0.3114013314230988
0.6037367815913646,0.31305794125205466
0.6066110571228445,0.3117436346503837
0.6094853326543243,0.3107622423187877
0.612359608185804,0.3138979739013621
0.6152338837172839,0.31478439365309896
0.6181081592487637,0.31460034884707966
0.6209824347802436,0.3151645986405356
0.6238567103117234,0.31386440179085184
0.6267309858432032,0.3122690975454816
0.6296052613746831,0.31394603902811014
0.6324795369061629,0.31486721457565636
0.6353538124376428,0.31381135214712685
0.6382280879691226,0.3163693305180004
0.6411023635006023,0.3163675582633232
0.6439766390320822,0.31344030795685285
0.646850914563562,0.3133959424864088
0.6497251900950419,0.3131893766774283
0.6525994656265217,0.3110851427745729
0.6554737411580016,0.308242745966254
0.6583480166894814,0.3056186354358488
0.6612222922209612,0.3052802055401571
0.6640965677524411,0.30476415797272693
0.6669708432839209,0.3005558549975831
0.6698451188154008,0.29687604031585124
0.6727193943468806,0.292958870065263
0.6755936698783603,0.28810317218847104
0.6784679454098402,0.28072789385544183
0.68134222094132,0.27154388721373834
0.6842164964727999,0.2644343859893752
0.6870907720042797,0.25926471137393037
0.6899650475357595,0.2547662355279954
0.6928393230672394,0.2457365026222078
0.6957135985987192,0.23806474213722595
0.6985878741301991,0.23311801531917808
0.7014621496616789,0.22630795572251827
0.7043364251931586,0.21919654645239461
0.7072107007246385,0.21062266841340715
0.7100849762561183,0.203079361852474
0.7129592517875982,0.1994312289195932
0.715833527319078,0.19551325284601262
0.7187078028505579,0.190643446768604
0.7215820783820377,0.1884799509291497
0.7244563539135175,0.18680610716717183
0.7273306294449974,0.18196658873864635
0.7302049049764772,0.17872792137347915
0.7330791805079571,0.17885363769414653
0.7359534560394368,0.1777267069452364
0.7388277315709166,0.17731934571565944
0.7417020071023965,0.17840634109359144
0.7445762826338763,0.18035332820750227
0.7474505581653562,0.18175529283860214
0.750324833696836,0.18196286270699602
0.7531991092283158,0.1826462648471079
0.7560733847597957,0.18525138735685687
0.7589476602912755,0.1875373297089027
0.7618219358227554,0.18760817883446634
0.7646962113542352,0.18778589611099505
0.767570486885715,0.19344656600173948
0.7704447624171948,0.19929429249850728
0.7733190379486746,0.20227475255603622
0.7761933134801545,0.2074121931972286
0.7790675890116343,0.2123474978300237
0.7819418645431142,0.2204875051045292
0.784816140074594,0.22690726487508073
0.7876904156060738,0.23147784557806972
0.7905646911375537,0.24010077843968247
0.7934389666690335,0.2482855331106748
0.7963132422005134,0.25637762157714405
0.7991875177319931,0.2667145286948198
0.8020617932634729,0.276232429727429
0.8049360687949528,0.2877337832489957
0.8078103443264326,0.2998571288601397
0.8106846198579125,0.31065170971737643
0.8135588953893923,0.32343968278155444
0.8164331709208721,0.3371206075440796
0.819307446452352,0.3483199672550654
0.8221817219838318,0.35878259785397404
0.8250559975153117,0.3709802486218905
0.8279302730467915,0.380923192927753
0.8308045485782714,0.3887572070156011
0.8336788241097511,0.3944410982599038
0.8365530996412309,0.40096238477212864
0.8394273751727108,0.40701232960077505
0.8423016507041906,0.4122839053162579
0.8451759262356705,0.41589089925571443
0.8480502017671503,0.41697055355041357
0.8509244772986301,0.4175770733902482
0.85379875283011,0.41839755479554697
0.8566730283615898,0.41613283409060386
0.8595473038930697,0.4132781926704183
0.8624215794245494,0.41060488999823974
0.8652958549560292,0.40504124696633426
0.8681701304875091,0.4000015909945205
0.8710444060189889,0.3914252493832464
0.8739186815504688,0.38551813471099194
0.8767929570819486,0.3807346401307541
0.8796672326134285,0.3725551308629065
0.8825415081449083,0.3646163874403783
0.8854157836763881,0.35861844764042417
0.888290059207868,0.35364438009742116
0.8911643347393478,0.34760271849631863
0.8940386102708276,0.3425434529361837
0.8969128858023074,0.3385967715670404
0.8997871613337872,0.33420526350175805
0.9026614368652671,0.32809422705634006
0.9055357123967469,0.3243441532538327
0.9084099879282268,0.324415140158294
0.9112842634597066,0.3227583749639962
0.9141585389911864,0.31844426061263675
0.9170328145226663,0.3148539105641248
0.9199070900541461,0.3172031221765792
0.922781365585626,0.32009809378928367
0.9256556411171057,0.3196075618750456
0.9285299166485855,0.3220863302841508
0.9314041921800654,0.3235885995530907
0.9342784677115452,0.3259734953886664
0.9371527432430251,0.3269384784612157
0.9400270187745049,0.32731833987588743
0.9429012943059848,0.32946721726534633
0.9457755698374646,0.3321934592447633
0.9486498453689444,0.3355388761724498
0.9515241209004243,0.3385729810026987
0.954398396431904,0.342260400951659
0.957272671963384,0.34452562367357586
0.9601469474948637,0.3475727386480685
0.9630212230263435,0.34904553086630585
0.9658954985578234,0.35162331487731535
0.9687697740893032,0.3546311200805121
0.9716440496207831,0.3582574680166317
0.9745183251522629,0.3604969731111396
0.9773926006837427,0.3618160901307874
0.9802668762152226,0.36515366699484275
0.9831411517467024,0.3670250990620616
0.9860154272781823,0.370540603503855
0.988889702809662,0.3734545717710489
0.9917639783411419,0.3740092864208009
0.9946382538726217,0.3763949372995512
0.9975125294041015,0.3780957539077008
1.0003868049355813,0.37611302751645326
1.0032610804670612,0.37633883461762707
1.006135355998541,0.37880502897610313
1.0090096315300208,0.37683384953550103
1.0118839070615007,0.375120526651358
1.0147581825929806,0.37377247791278023
1.0176324581244605,0.3707435116778015
1.0205067336559401,0.3687143642287083
1.02338100918742,0.3650114135156173
1.0262552847189,0.36252653611711594
1.0291295602503796,0.36165214203754203
1.0320038357818595,0.3589827750228096
1.0348781113133394,0.3553532317708914
1.0377523868448193,0.35344603441774325
1.040626662376299,0.34906605410833436
1.0435009379077789,0.34464884896885906
1.0463752134392588,0.34245342938675094
1.0492494889707384,0.34195476838499417
1.0521237645022183,0.3426276990281849
1.0549980400336982,0.34112302102971626
1.057872315565178,0.3393070659078603
1.0607465910966578,0.33851191088422183
1.0636208666281377,0.3425453290758469
1.0664951421596176,0.34605451943764365
1.0693694176910973,0.34789826131634527
1.0722436932225772,0.3515887161414639
1.075117968754057,0.3548781970688424
1.0779922442855367,0.3576013184439262
1.0808665198170166,0.36286011528716244
1.0837407953484965,0.3673095299069473
1.0866150708799764,0.3680102067755797
1.0894893464114561,0.37379473490443615
1.092363621942936,0.37936142458056565
1.095237897474416,0.38334726631865124
1.0981121730058956,0.387872924070507
1.1009864485373755,0.389840896653709
1.1038607240688554,0.39311611490177256
1.106734999600335,0.39799741791512133
1.109609275131815,0.4000806239934036
1.1124835506632949,0.4004175993462695
1.1153578261947747,0.4027814838055974
1.1182321017262544,0.4025833819896434
1.1211063772577343,0.4024737452937188
1.1239806527892142,0.40263713485308017
1.126854928320694,0.39971657555770435
1.1297292038521738,0.3996904259325902
1.1326034793836537,0.39958330685260535
1.1354777549151336,0.3981795526717633
1.1383520304466133,0.3953003514445754
1.1412263059780932,0.3915567978394847
1.144100581509573,0.3911559742513191
1.1469748570410527,0.3902639247570505
1.1498491325725326,0.38805837366896867
1.1527234081040125,0.3846532305127539
1.1555976836354922,0.38167135028606936
1.158471959166972,0.37967146457356193
1.161346234698452,0.3780055076094868
1.164220510229932,0.37329743142402094
1.1670947857614116,0.36816866433366613
1.1699690612928915,0.36685589583782985
1.1728433368243714,0.36404427883496737
1.175717612355851,0.36184528405021865
1.178591887887331,0.35954517484367443
1.1814661634188108,0.35541373168564405
1.1843404389502905,0.34998947686892734
1.1872147144817704,0.347032353358145
1.1900889900132503,0.3456010084370291
1.1929632655447302,0.34356488905768856
1.1958375410762099,0.3400358322065813
1.1987118166076898,0.33757097389388946
1.2015860921391697,0.3384024189443835
1.2044603676706493,0.33762118914160055
1.2073346432021292,0.3359786619668057
1.2102089187336091,0.3364411510564196
1.213083194265089,0.33853485302984154
1.2159574697965687,0.33804394073899857
1.2188317453280486,0.3395361454096246
1.2217060208595285,0.34116474604047653
1.2245802963910082,0.3410767604304965
1.227454571922488,0.3430420353131467
1.230328847453968,0.3459308442340898
1.2332031229854477,0.34787641433388217
1.2360773985169276,0.35103367398426144
1.2389516740484074,0.3553329083370045
1.2418259495798873,0.35760158881294046
1.244700225111367,0.358026778433441
1.247574500642847,0.3608761769509101
1.2504487761743268,0.3657257107411169
1.2533230517058065,0.3699189494817574
1.2561973272372864,0.37366238650190553
1.2590716027687663,0.37361654322114646
1.2619458783002462,0.3754306276900934
1.2648201538317259,0.37746227251523123
1.2676944293632058,0.3768433790447716
1.2705687048946857,0.3763555675210455
1.2734429804261653,0.3773918449859366
1.2763172559576452,0.379291682880762
1.2791915314891251,0.38052443148922066
1.2820658070206048,0.380559859771779
1.2849400825520847,0.37910182323810204
1.2878143580835646,0.37929702401697796
1.2906886336150445,0.37891918253490076
1.2935629091465242,0.3751996039260348
1.296437184678004,0.37303410598599385
1.299311460209484,0.369902570123827
1.3021857357409636,0.3653896583010692
1.3050600112724435,0.3647568726388499
1.3079342868039234,0.36096888552378914
1.3108085623354033,0.35727732393081624
1.313682837866883,0.35745679979027045
1.316557113398363,0.3556151429042984
1.3194313889298428,0.35420475051660105
1.3223056644613225,0.3537605502868928
1.3251799399928024,0.3500418268768044
1.3280542155242823,0.3473302185711873
1.330928491055762,0.34844590395312025
1.3338027665872418,0.3515664019249698
1.3366770421187217,0.35256361019139604
1.3395513176502016,0.35094657845695565
1.3424255931816813,0.3496406066713007
1.3452998687131612,0.3488863295385727
1.348174144244641,0.35093624332944273
1.3510484197761208,0.3531332636891875
1.3539226953076007,0.3545691091565004
1.3567969708390806,0.3544542803999775
1.3596712463705605,0.3554071778016805
1.3625455219020401,0.3575227089368127
1.36541979743352,0.36069934116801505
1.368294072965,0.3637992445890177
1.3711683484964796,0.36329338596306116
1.3740426240279595,0.3640075748602385
1.3769168995594394,0.36664211108472955
1.379791175090919,0.3672095969913016
1.382665450622399,0.36642682759031686
1.3855397261538789,0.36745913202344127
1.3884140016853588,0.369533170939917
1.3912882772168385,0.3708155608482002
1.3941625527483184,0.3704740673059632
1.3970368282797982,0.37184474922196387
1.399911103811278,0.37313776385803976
1.4027853793427578,0.37202985528642785
1.4056596548742377,0.37437742903534854
1.4085339304057174,0.3752717792169733
1.4114082059371973,0.37309243439278816
1.4142824814686772,0.37607194654970044
1.417156757000157,0.38016407584439094
1.4200310325316368,0.3790593469856276
1.4229053080631167,0.3771424552597864
1.4257795835945966,0.3781891964672468
1.4286538591260762,0.3779654353455726
1.4315281346575561,0.3792495322938976
1.434402410189036,0.38112148481570784
1.437276685720516,0.3814061864867426
1.4401509612519956,0.38041898978042354
1.4430252367834755,0.3807555933049116
1.4458995123149554,0.3814540536682216
1.448773787846435,0.3815831602690878
1.451648063377915,0.38498479185909673
1.4545223389093949,0.3861995772723503
1.4573966144408745,0.38508607108781234
1.4602708899723544,0.38534285105674826
1.4631451655038343,0.3869272681175744
1.4660194410353142,0.3867481407144169
1.468893716566794,0.3860355188827498
1.4717679920982738,0.3862308792846534
1.4746422676297537,0.38701736366851947
1.4775165431612334,0.388347120350204
1.4803908186927133,0.3882348352452709
1.4832650942241932,0.3882037704153163
1.486139369755673,0.3894462794445417
1.4890136452871527,0.3915987908981151
1.4918879208186326,0.3927214206212284
1.4947621963501125,0.39196178111672
1.4976364718815922,0.39326971894229246
1.500510747413072,0.396149978701942
1.503385022944552,0.39695176969917156
1.5062592984760317,0.3947399925003765
1.5091335740075116,0.39483108208912654
1.5120078495389915,0.3977049500859948
1.5148821250704714,0.3981896263884437
1.517756400601951,0.3991845921100321
1.520630676133431,0.39957300414869223
1.5235049516649108,0.3996813679623301
1.5263792271963905,0.40026073215483393
1.5292535027278704,0.40042490065241054
1.5321277782593503,0.400256929060788
1.5350020537908302,0.39997551715123336
1.5378763293223099,0.40209809630221116
1.5407506048537898,0.404868296795712
1.5436248803852697,0.40527484967844885
1.5464991559167494,0.4036197552629801
1.5493734314482293,0.4033544143259178
1.5522477069797092,0.4038124293713281
1.5551219825111888,0.40312255549633846
1.5579962580426687,0.40278515583679564
1.5608705335741486,0.4039469696654123
1.5637448091056285,0.40597810253950684
1.5666190846371082,0.40535690657043233
1.569493360168588,0.4041788982538037
1.572367635700068,0.4070229364945135
1.5752419112315477,0.4076710183837804
1.5781161867630276,0.4065255923218274
1.5809904622945075,0.40709373862273424
1.5838647378259871,0.40719468712404705
1.586739013357467,0.40866932244716736
1.589613288888947,0.4095062747256861
1.5924875644204268,0.4093898294458995
1.5953618399519065,0.4109816588322701
1.5982361154833864,0.4114544813193106
1.6011103910148663,0.4131313080458767
1.603984666546346,0.41402523545161785
1.6068589420778259,0.41259402650462107
1.6097332176093058,0.41234652195305443
1.6126074931407857,0.4129329908367936
1.6154817686722653,0.4146516209904121
1.6183560442037452,0.4155344367603675
1.6212303197352251,0.4160371685489963
1.6241045952667048,0.41984536052018484
1.6269788707981847,0.42221371501295835
1.6298531463296646,0.42122747102598623
1.6327274218611443,0.4203085231207524
1.6356016973926242,0.4197203788580737
1.638475972924104,0.42045916243978354
1.641350248455584,0.42041226191452097
1.6442245239870636,0.42210338780921575
1.6470987995185435,0.4246655716370924
1.6499730750500234,0.4277512636006122
1.6528473505815031,0.4273609479218976
1.655721626112983,0.4262531737487052
1.658595901644463,0.42903486642285316
1.6614701771759428,0.42997740029738907
1.6643444527074225,0.43197857811571794
1.6672187282389024,0.43430909990001965
1.6700930037703823,0.4353403438975647
1.672967279301862,0.4371919404032951
1.6758415548333419,0.43812040210377745
1.6787158303648217,0.43993134626896335
1.6815901058963014,0.4421279201392281
1.6844643814277813,0.44259904077364354
1.6873386569592612,0.4463054551308687
1.6902129324907411,0.44795721146692813
1.6930872080222208,0.44758555175508263
1.6959614835537007,0.4525956607274111
1.6988357590851806,0.45721920648463765
1.7017100346166603,0.4587466288213591
1.7045843101481402,0.4607006525044426
1.70745858567962,0.46453554350966897
1.7103328612111,0.4670501812746579
1.7132071367425796,0.4683937217097309
1.7160814122740595,0.4706221300851894
1.7189556878055394,0.4714106820355255
1.721829963337019,0.4744019015630556
1.724704238868499,0.48300354714945115
1.727578514399979,0.4898302796699454
1.7304527899314586,0.4946214875271835
1.7333270654629385,0.49947200785788937
1.7362013409944184,0.503792475039063
1.7390756165258983,0.5114818419920084
1.741949892057378,0.5204279394209834
1.7448241675888578,0.5283234070668641
1.7476984431203377,0.538010503408259
1.7505727186518174,0.5492316598616753
1.7534469941832973,0.5586290726398602
1.7563212697147772,0.5654464881366721
1.759195545246257,0.5737113660419482
1.7620698207777368,0.5849881566579143
1.7649440963092167,0.5935023259556829
1.7678183718406966,0.5997470562192575
1.7706926473721762,0.6043224198257349
1.7735669229036561,0.6084222683167582
1.776441198435136,0.6100720896545226
1.7793154739666157,0.6080048015792272
1.7821897494980956,0.6062490347412677
1.7850640250295755,0.6002968194376308
1.7879383005610554,0.5908715093074761
1.790812576092535,0.5812434229446808
1.793686851624015,0.5684525966713636
1.7965611271554949,0.5533719464006026
1.7994354026869745,0.5401276418652969
1.8023096782184544,0.5266889086452693
1.8051839537499343,0.5099316783908989
1.808058229281414,0.49541899031316916
1.810932504812894,0.48401240440148285
1.8138067803443738,0.46831204017325945
1.8166810558758537,0.45148635700741124
1.8195553314073334,0.43920928059742437
1.8224296069388133,0.4312471254606862
1.8253038824702932,0.4275012331022481
1.8281781580017729,0.4207940886568622
1.8310524335332528,0.4167008107328911
1.8339267090647327,0.41802462204191215
1.8368009845962125,0.41938517611777115
1.8396752601276922,0.42087126418186926
1.8425495356591721,0.422982385966975
1.845423811190652,0.4292091196339243
1.8482980867221317,0.43783070209508423
1.8511723622536116,0.4438904794676546
1.8540466377850915,0.45160371982194647
1.8569209133165712,0.46028249045116354
1.859795188848051,0.46787550682313395
1.862669464379531,0.47557152222793775
1.8655437399110109,0.4802906201615542
1.8684180154424905,0.4853797717181578
1.8712922909739704,0.4920695502107719
1.8741665665054503,0.49632537058334947
1.87704084203693,0.4999535105511086
1.87991511756841,0.5051065160956796
1.8827893930998898,0.5080268420066432
1.8856636686313697,0.5095349244704721
1.8885379441628494,0.5118434722311349
1.8914122196943293,0.5152830032271822
1.8942864952258092,0.5196296880520777
1.8971607707572888,0.5222819932254197
1.9000350462887687,0.5216599050598916
1.9029093218202486,0.5216592155995841
1.9057835973517283,0.5248532576858906
1.9086578728832082,0.5256672759597905
1.911532148414688,0.5263137742495019
1.914406423946168,0.5268951559961579
1.9172806994776477,0.5265437590912825
1.9201549750091276,0.5277406441024368
1.9230292505406075,0.5280665718202044
1.9259035260720871,0.5279468687955386
1.928777801603567,0.5294358424251868
1.931652077135047,0.5311381586475363
1.9345263526665268,0.5313880210916295
1.9374006281980065,0.5307829080365991
1.9402749037294864,0.5308483846207537
1.9431491792609663,0.5307003844283145
1.946023454792446,0.5281662254220691
1.9488977303239259,0.5255431681539449
1.9517720058554058,0.5221539477138322
1.9546462813868855,0.5227638967438679
1.9575205569183654,0.5226574092033616
1.9603948324498452,0.5186914064706798
1.9632691079813251,0.5182020574301305
1.9661433835128048,0.5172545438366569
1.9690176590442847,0.5129450420954527
1.9718919345757646,0.5091253953168007
1.9747662101072443,0.5086585033468509
1.9776404856387242,0.5073817953987145
1.980514761170204,0.5036489057391691
1.983389036701684,0.49866356443567383
1.9862633122331637,0.49451620862873824
1.9891375877646436,0.4920693505866893
1.9920118632961235,0.48906500527107255
1.9948861388276031,0.48493545555754736
1.997760414359083,0.4829745347401513
2.0006346898905627,0.48058381007501794
2.003508965422043,0.4768474608468978
2.0063832409535225,0.4757462379084245
2.009257516485002,0.47273450722457255
2.0121317920164823,0.47048537144110014
2.015006067547962,0.4692068299144694
2.0178803430794416,0.4662964249023389
2.0207546186109218,0.46686010244218323
2.0236288941424014,0.46563704652953675
2.0265031696738816,0.4613896035102698
2.0293774452053612,0.460303187099953
2.032251720736841,0.4601373101427271
2.035125996268321,0.4606574536554717
2.0380002717998007,0.46125329789299485
2.0408745473312804,0.4621593569172546
2.0437488228627605,0.46053432626399626
2.04662309839424,0.4596666754573562
2.04949737392572,0.46143928227184006
2.0523716494572,0.46164250195613477
2.0552459249886796,0.46232132205898324
2.0581202005201593,0.46235376162258035
2.0609944760516394,0.46370399356476355
2.063868751583119,0.46557118965893096
2.066743027114599,0.4672812563281923
2.069617302646079,0.46894364432694147
2.0724915781775586,0.4696573123729877
2.0753658537090387,0.47122855990267
2.0782401292405184,0.4723901288706429
2.081114404771998,0.4721514850685935
2.083988680303478,0.4721607979651026
2.086862955834958,0.47329144302398163
2.0897372313664375,0.47475554265372466
2.0926115068979176,0.4758381625304082
2.0954857824293973,0.4765992095904039
2.098360057960877,0.47954399716854823
2.101234333492357,0.4805613007711145
2.104108609023837,0.4813973784011978
2.1069828845553165,0.4850640021810477
2.1098571600867966,0.48447707175807864
2.1127314356182763,0.483025629382837
2.115605711149756,0.4852292314777742
2.118479986681236,0.48718121040576534
2.1213542622127157,0.4873541190158903
2.124228537744196,0.48775390682590114
2.1271028132756755,0.48828374094375704
2.129977088807155,0.4888268961274207
2.1328513643386353,0.4900916809120872
2.135725639870115,0.49168246575493413
2.1385999154015947,0.49185182361850366
2.141474190933075,0.49175497902308507
2.1443484664645545,0.4936950544655474
2.147222741996034,0.493519585173658
2.1500970175275143,0.49364679656923727
2.152971293058994,0.49725570358680216
2.1558455685904736,0.49925109441551285
2.1587198441219537,0.49794823041213476
2.1615941196534334,0.4982127565197061
2.164468395184913,0.49893982183789376
2.167342670716393,0.4979126688378983
2.170216946247873,0.4999739689587841
2.173091221779353,0.503240189545636
2.1759654973108327,0.5036578851035074
2.1788397728423123,0.5047125140599746
2.1817140483737925,0.5052330027924654
2.184588323905272,0.5048774665619931
2.187462599436752,0.5038150698717345
2.190336874968232,0.5046162379164798
2.1932111504997116,0.5079569274016649
2.1960854260311913,0.508645436291431
2.1989597015626714,0.5069271309920396
2.201833977094151,0.5076215003390416
2.2047082526256307,0.5112071091205053
2.207582528157111,0.512313270702407
2.2104568036885905,0.513328535363712
2.21333107922007,0.5150346719169647
2.2162053547515503,0.515229110750056
2.21907963028303,0.5149105867270691
2.22195390581451,0.5145886394931267
2.22482818134599,0.5157091222454255
2.2277024568774695,0.5196576327238063
2.2305767324089496,0.5211214081896287
2.2334510079404293,0.5191980784002226
2.236325283471909,0.5228988420036558
2.239199559003389,0.5282149819529423
2.2420738345348687,0.5274540679782831
2.2449481100663484,0.5269481889616827
2.2478223855978285,0.5280761726439778
2.250696661129308,0.5274228700723143
2.253570936660788,0.5290442103130317
2.256445212192268,0.5324127935090246
2.2593194877237477,0.5344723681880623
2.2621937632552274,0.5366767471930416
2.2650680387867075,0.5390259304978144
2.267942314318187,0.5415199181023809
2.2708165898496673,0.5441587100060588
2.273690865381147,0.5469423062097576
2.2765651409126266,0.5498707067130226
2.2794394164441067,0.5529439115156265
2.2823136919755864,0.5561619206180239
2.285187967507066,0.5595247340198739
2.288062243038546,0.5630323517210627
2.290936518570026,0.5666847737221588
2.2938107941015056,0.5704820000227073
2.2966850696329857,0.5724168142478998
