,Q,V,dVdQ,dQdV
0,3.0847987253088916e-07,2.88852058823725,7.818557763711766,0.12790082649786066
1,0.001000308479872531,2.8965836118982087,7.7035633979134674,0.12981005650850527
2,0.0020003084798725307,2.9045193385581527,7.589626611326839,0.13175878751499967
3,0.0030003084798725307,2.912329028450397,7.476747321789689,0.1337479998937068
4,0.004000308479872531,2.9200139417208617,7.364925448082348,0.13577869960114483
5,0.005000308479872531,2.9275753384291083,7.2541609099274815,0.13785191870109714
6,0.006000308479872531,2.935014478549371,7.144453627989897,0.13996871588364576
7,0.007000308479872531,2.9423326219715853,7.035803523876364,0.14213017697359628
8,0.008000308479872532,2.949531028502428,6.9282105201354405,0.14433741542548434
9,0.009000308479872531,2.956610957866344,6.821674540257284,0.14659157280204757
10,0.010000308479872532,2.9635736697065784,6.716195508673486,0.14889381923271464
11,0.011000308479872531,2.970420423586212,6.611773350756888,0.15124535384830218
12,0.012000308479872532,2.9771524789891917,6.508407992821423,0.1536474051877156
13,0.013000308479872531,2.983771095321358,6.406099362121935,0.15610123157202532
14,0.014000308479872532,2.9902775319114823,6.304847386854021,0.15860812144082329
15,0.015000308479872531,2.9966730480122945,6.20465199615386,0.1611693936452649
16,0.016000308479872532,3.002958902801515,6.105513120098055,0.16378639769165543
17,0.017000308479872533,3.009136355382886,6.007430689703472,0.16646051392885236
18,0.01800030847987253,3.0152066647872027,5.9104046369270895,0.16919315367211735
19,0.01900030847987253,3.0211710899733406,5.81443489466583,0.17198575925536655
20,0.020000308479872532,3.027030889829291,5.7195213967564165,0.17483980400302507
21,0.021000308479872533,3.032787323173187,5.625664077975222,0.17775679211189552
22,0.02200030847987253,3.038441648754336,5.532862874038123,0.18073825843259272
23,0.02300030847987253,3.0439951252542494,5.441117721600346,0.1837857681391755
24,0.024000308479872532,3.0494490112876704,5.350428558256329,0.18690091627461963
25,0.025000308479872533,3.054804565403605,5.260795322539582,0.19008532715871995
26,0.02600030847987253,3.060063046086355,5.172217953922549,0.19334065364388053
27,0.02700030847987253,3.06522571175654,5.08469639281646,0.1966685762030505
28,0.028000308479872532,3.070293820772134,4.99823058057122,0.2000708018327789
29,0.029000308479872533,3.07526863142949,4.9128204594752445,0.2035490627530104
30,0.03000030847987253,3.080151401964369,4.828465972755364,0.20710511488379613
31,0.03100030847987253,3.0849433905529735,4.745167064576672,0.21074073607758473
32,0.03200030847987253,3.089645855312969,4.662923680042413,0.2144577240841532
33,0.03300030847987253,3.0942600543045202,4.581735765193852,0.218257894223564
34,0.03400030847987253,3.0987872455313137,4.50160326701016,0.22214307674078357
35,0.03500030847987253,3.103228686941588,4.422526133408292,0.2261151138137727
36,0.03600030847987253,3.107585636429164,4.344504313242874,0.23017585618497607
37,0.03700030847987253,3.1118593518344704,4.267537756306085,0.2343271593841936
38,0.038000308479872534,3.116051090945572,4.191626413327554,0.23857087950883069
39,0.039000308479872535,3.1201621114992,4.1167702359742435,0.24290886852550994
40,0.04000030847987253,3.1241936711817764,4.042969176850341,0.24734296905499686
41,0.04100030847987253,3.128147027630445,3.970223189497164,0.2518750086003734
42,0.04200030847987253,3.1320234384340955,3.8985322283930515,0.2565067931764138
43,0.04300030847987253,3.1358241611343947,3.827896248953264,0.2612401002962004
44,0.04400030847987253,3.139550453226811,3.7583152075298907,0.2660766712692091
45,0.04500030847987253,3.1432035721616436,3.6897890614117466,0.27101820276343686
46,0.046000308479872534,3.146784775345047,3.6223177688242867,0.27606633758268395
47,0.047000308479872535,3.1502953201400627,3.555901288929513,0.28122265460890933
48,0.04800030847987253,3.153736463867642,3.490539581825887,0.28648865785870964
49,0.04900030847987253,3.157109463807673,3.4262326085482377,0.29186576460251473
50,0.05000030847987253,3.160415577200012,3.3629803310676873,0.2973552924951296
51,0.05100030847987253,3.1636560612455042,3.3007827122915647,0.3029584456668919
52,0.05200030847987253,3.166832173107016,3.2396397160633263,0.30867629972605654
53,0.053000308479872534,3.1699451699104566,3.1795513071624795,0.3145097856252013
54,0.054000308479872534,3.172996308745808,3.1205174513045075,0.3204596723475967
55,0.055000308479872535,3.1759868466681502,3.0625381151407995,0.326526548373758
56,0.05600030847987253,3.1789180406986874,3.0056132662585777,0.3327108018939548
57,0.05700030847987253,3.1817911478257743,2.9497428731808326,0.33901259973946735
58,0.05800030847987253,3.1846074250059444,2.894926905366252,0.3454318650140442
59,0.05900030847987253,3.187368129164932,2.841165333209167,0.35196825341750704
60,0.06000030847987253,3.190074517198703,2.7884581280394816,0.35862112826599385
61,0.061000308479872534,3.1927278459744772,2.7368052621226204,0.36538953422810094
62,0.062000308479872535,3.195329372331756,2.6862067086594714,0.37227216981341005
63,0.06300030847987254,3.19788035308335,2.6366624417863265,0.37926735866973726
64,0.06400030847987254,3.2003820450164007,2.5881724365748386,0.38637301976810706
65,0.06500030847987254,3.202835704893409,2.5407366690319653,0.39358663658009296
66,0.06600030847987254,3.205242589453263,2.494355116099928,0.4009052253808829
67,0.06700030847987254,3.207603955412259,2.4490277556561555,0.40832530284332164
68,0.06800030847987253,3.209921059465132,2.404754566513257,0.4158428531232346
69,0.06900030847987253,3.2121951582855486,2.361535528422391,0.4234532946739292
70,0.07000030847987253,3.2139678094225066,2.3233268475416917,0.4304172704146635
71,0.07100030847987253,3.2157554003481192,2.2890053306501787,0.43687097911473877
72,0.07200030847987253,3.2177141963524716,2.2558116110012767,0.4432994294040958
73,0.07300030847987253,3.2197510262626485,2.2237189915959923,0.44969710821342895
74,0.07400030847987253,3.2218279507359746,2.192700201774912,0.4560586983986848
75,0.07500030847987253,3.2239240365734143,2.1627273203779733,0.46237914071628455
76,0.07600030847987253,3.2260272001798125,2.133771967248772,0.46865364029005074
77,0.07700030847987253,3.228130958145452,2.105805174815231,0.4748777389094139
78,0.07800030847987253,3.2302289503395993,2.078797827535768,0.48104726046659957
79,0.07900030847987254,3.232318038683541,2.0527201481292887,0.4871584667356302
80,0.08000030847987254,3.234395911932468,2.0275422342583647,0.4932079752044132
81,0.08100030847987254,3.2364610759503822,2.003233552951939,0.4991929166354132
82,0.08200030847987254,3.2385125765390286,1.9797633002032713,0.5051108887094359
83,0.08300030847987254,3.240549514741208,1.9571005822265428,0.51095994200887
84,0.08400030847987253,3.242570640682095,1.935214372089642,0.5167386179135293
85,0.08500030847987253,3.2445768029406437,1.9140734751724569,0.5224459839034656
86,0.08600030847987253,3.2465665396639594,1.8936461558783941,0.5280817627388978
87,0.08700030847987253,3.248539755833034,1.873901196383745,0.5336460651873216
88,0.08800030847987253,3.25049641230547,1.8548073436746961,0.5391395518301249
89,0.08900030847987253,3.252436550559503,1.836333143381632,0.5445634979710091
90,0.09000030847987253,3.2543606880079534,1.8184470682114424,0.5499197735700733
91,0.09100030847987253,3.256267182555704,1.8011181086683143,0.5552106745178228
92,0.09200030847987253,3.258157421696435,1.7843152076125155,0.5604390949164412
93,0.09300030847987253,3.2600304449276623,1.7680075589862871,0.5656084415008749
94,0.09400030847987254,3.261886815045066,1.7521649737259553,0.5707225147147608
95,0.09500030847987254,3.263726200875382,1.736757233875406,0.5757857117247162
96,0.09600030847987254,3.2655485039069627,1.721754446943613,0.5808029140131791
97,0.09700030847987254,3.2673535812349486,1.7071271016525744,0.5857794648283399
98,0.09800030847987254,3.2691421966380263,1.6928463943704388,0.5907210502532896
99,0.09900030847987254,3.2709137661338663,1.6788839570628025,0.5956337814731961
100,0.10000030847987253,3.2726684850220447,1.665211544231957,0.6005243018305091
101,0.10100030847987253,3.2744066591611687,1.6518021505503442,0.605399381316232
102,0.10200030847987253,3.276127694034123,1.6386293697387961,0.6102661275742933
103,0.10300030847987253,3.2778322234406896,1.625666960994026,0.6151321420646593
104,0.10400030847987253,3.279520266429026,1.6128895968702182,0.6200052390073575
105,0.10500030847987253,3.2811911483062377,1.6002727491053739,0.6248934755397454
106,0.10600030847987253,3.2828452893904516,1.58779261501528,0.6298051713701771
107,0.10700030847987253,3.284482680856956,1.5754264991117128,0.6347487493474555
108,0.10800030847987253,3.2861040978996554,1.5631517302889844,0.6397331625734932
109,0.10900030847987253,3.287708807233425,1.5509473185855942,0.6447672258216756
110,0.11000030847987254,3.289297292102634,1.5387926134786762,0.6498601509006122
111,0.11100030847987254,3.290869309004136,1.5266683718690925,0.6550211024387077
112,0.11200030847987254,3.292425134335723,1.5145561732529176,0.6602594328688586
113,0.11300030847987254,3.2939651662259575,1.5024386462722576,0.6655845830917142
114,0.11400030847987254,3.295489202482894,1.4902994366039262,0.6710060914193098
115,0.11500030847987254,3.2969975221874734,1.4781233598731804,0.676533520237308
116,0.11600030847987253,3.29848962596922,1.4658962459805296,0.6821765201609516
117,0.11700030847987253,3.2999666843792737,1.4536052645085886,0.687944674125863
118,0.11800030847987253,3.301428389551696,1.4412386402652093,0.6938476197224251
119,0.11900030847987253,3.3028747727888503,1.4287856236564638,0.6998950601426539
120,0.12000030847987253,3.3043064076702393,1.4162366702920708,0.7060966722417729
121,0.12100030847987253,3.3057221283036085,1.4035836025662773,0.7124620137850177
122,0.12200030847987253,3.3071235773296443,1.3908196291532637,0.7190004936936386
123,0.12300030847987253,3.3085101664960295,1.377939197213512,0.7257214266218814
124,0.12400030847987253,3.309881397238648,1.364937830416838,0.7326341007741065
125,0.12500030847987254,3.3112377464165927,1.3518123376922495,0.7397476499638648
126,0.12600030847987254,3.312579611799619,1.338560694226633,0.7470710923405383
127,0.12700030847987254,3.3139069483917747,1.3251826317018693,0.7546129688673533
128,0.12800030847987254,3.3152195222125207,1.3116789197605667,0.7623816964158725
129,0.12900030847987254,3.3165178799234143,1.298051416631024,0.7703855079912091
130,0.13000030847987254,3.3178023757504422,1.2843036090348534,0.7786320874325768
131,0.13100030847987254,3.319072289209476,1.2704404242730525,0.7871286058708351
132,0.13200030847987254,3.32032844651488,1.2564679838779147,0.7958817994817808
133,0.13300030847987254,3.3215703802417362,1.2423937456410068,0.804897805956078
134,0.13400030847987254,3.3227985879715494,1.228226211041662,0.8141822662715342
135,0.13500030847987254,3.324013816312537,1.2139755231099736,0.8237398373883115
136,0.13600030847987254,3.3252141762440597,1.1996526032152102,0.8335746509613552
137,0.13700030847987255,3.3264013032588635,1.1852698853749517,0.8436897050528346
138,0.13800030847987255,3.327574926907673,1.170840991271476,0.854086940459822
139,0.13900030847987255,3.3287354169794243,1.1563914193802949,0.864759097344302
140,0.14000030847987252,3.3298822545013267,1.1423095200728697,0.8754194746938715
141,0.14100030847987252,3.3310158188825625,1.1286016761529918,0.8860522017020656
142,0.14200030847987252,3.33213642351001,1.115152981345057,0.8967379514098921
143,0.14300030847987252,3.333243728139204,1.1019087220359158,0.90751618532647
144,0.14400030847987252,3.334338512235894,1.08883752998142,0.9184106650117618
145,0.14500030847987253,3.3354205189529966,1.075920751486238,0.9294364836988563
146,0.14600030847987253,3.336489876201044,1.0631458195229377,0.9406047426765286
147,0.14700030847987253,3.337546164769819,1.0505042616676303,0.9519237917345933
148,0.14800030847987253,3.3385903572637106,1.0379907670833775,0.9633997061552612
149,0.14900030847987253,3.3396217785998346,1.0256014652313565,0.9750376085650567
150,0.15000030847987253,3.3406409202300584,1.0133335019352916,0.9868419410689305
151,0.15100030847987253,3.341648278637938,1.0011853430976518,0.9988160602771267
152,0.15200030847987253,3.342643296237845,0.989155795793186,1.0109630901956332
153,0.15300030847987253,3.3436263577531196,0.9772441109897092,1.0232857775804294
154,0.15400030847987253,3.3445973264549695,0.9654501570766467,1.0357862523198185
155,0.15500030847987253,3.3455572382030856,0.95377331555161,1.0484671605869524
156,0.15600030847987253,3.3465054100391445,0.9422135320279283,1.0613305434572753
157,0.15700030847987254,3.3474416841941785,0.9307707994487872,1.0743783545768852
158,0.15800030847987254,3.348366697162699,0.9194454057203346,1.0876121559567262
159,0.15900030847987254,3.3492808784735133,0.9082374523136014,1.101033653096607
160,0.16000030847987254,3.3501835075527753,0.89714653084621,1.1146451171769858
161,0.16100030847987254,3.351075263089317,0.8861731043413432,1.1284476984248577
162,0.16200030847987254,3.351956261786535,0.8753170969040851,1.1424431255106369
163,0.16300030847987254,3.352825832291496,0.8645789078101009,1.156632426452443
164,0.16400030847987254,3.3536849938544555,0.85395887295391,1.1710165813265951
165,0.16500030847987254,3.3545335519308255,0.8434571942063112,1.1855966217005178
166,0.16600030847987254,3.3553718460951076,0.8330738515866997,1.2003737700989743
167,0.16700030847987254,3.35619962190924,0.8228094706630066,1.2153481889242428
168,0.16800030847987255,3.3570170132657577,0.812664160615105,1.2305206116670637
169,0.16900030847987255,3.357824755261936,0.8026383934158416,1.2458910615329943
170,0.17000030847987255,3.358622073891647,0.7927324485420439,1.261459653681583
171,0.17100030847987255,3.3594089563962988,0.7829465487299211,1.2772263976668372
172,0.17200030847987252,3.3601864419603253,0.7732811621786455,1.2931906904114874
173,0.17300030847987252,3.3609540671024978,0.7637367172142214,1.309351740541641
174,0.17400030847987252,3.361712113366024,0.7543137756361841,1.3257082560325848
175,0.17500030847987252,3.362460634328755,0.7450129171247246,1.3422586065478745
176,0.17600030847987252,3.36319936127975,0.735834659491376,1.3590009482445695
177,0.17700030847987253,3.3639296474650404,0.7267794281596228,1.3759332766644705
178,0.17800030847987253,3.3646503361792006,0.7178476472175667,1.393053252840039
179,0.17900030847987253,3.3653627787574325,0.7090399128152065,1.4103578401243329
180,0.18000030847987253,3.3660659232355656,0.7003568546426534,1.4278435248702392
181,0.18100030847987253,3.3667605137545733,0.6917987182113845,1.4455071593446378
182,0.18200030847987253,3.3674465911990725,0.683365972342901,1.4633447383567084
183,0.18300030847987253,3.3681242319103344,0.6750590274293378,1.4813519401526345
184,0.18400030847987253,3.368793685955177,0.6668783954173901,1.499523761560927
185,0.18500030847987253,3.369454751719381,0.6588240963151405,1.5178558367750747
186,0.18600030847987253,3.370107870313529,0.6508968391594396,1.536341766986283
187,0.18700030847987253,3.370753036393705,0.6430963430994535,1.5549769653181686
188,0.18800030847987254,3.3713905813972964,0.6354225724538838,1.5737558647597079
189,0.18900030847987254,3.3720206164269886,0.6278758782669585,1.592671473158303
190,0.19000030847987254,3.3726431728879085,0.6204562049455897,1.6117173009619494
191,0.19100030847987254,3.373258239974907,0.613163980943037,1.6308850993856732
192,0.19200030847987254,3.3738657761153976,0.6059989407774149,1.6501679008170127
193,0.19300030847987254,3.3744660900260435,0.5989608934403419,1.6695580812566067
194,0.19400030847987254,3.375059920383244,0.592049637440242,1.6890475675714507
195,0.19500030847987254,3.3756468034920983,0.5852652171672242,1.7086270816505333
196,0.19600030847987254,3.376226745587999,0.5786073419876493,1.7282877824618852
197,0.19700030847987254,3.3768002285752168,0.5720754941079945,1.7480210397042866
198,0.19800030847987254,3.3773674094088646,0.5656692973609737,1.767817353116594
199,0.19900030847987255,3.3779283629256707,0.5593883014306853,1.78766698810542
200,0.20000030847987255,3.378482674265977,0.5532319109159397,1.8075602297495525
201,0.20100030847987255,3.379031009188293,0.5471997571608507,1.8274861911279094
202,0.20200030847987255,3.3795730199692713,0.5412912958170059,1.8474341038324578
203,0.20300030847987255,3.380109707027328,0.5355060352818839,1.8673925859184988
204,0.20400030847987252,3.380639963116924,0.5298431111885581,1.8873511401455678
205,0.20500030847987252,3.3811652293054855,0.5243014437000334,1.907299726170745
206,0.20600030847987252,3.3816850355699763,0.5188803900497784,1.9272264266993513
207,0.20700030847987252,3.3821997962580954,0.5135788890718078,1.9471205325579135
208,0.20800030847987253,3.3827084974800963,0.508396118362441,1.966970171253529
209,0.20900030847987253,3.383212462910317,0.5033312612212651,1.986763145952102
210,0.21000030847987253,3.3837113071365543,0.498383554812072,2.006486751708882
211,0.21100030847987253,3.3842051224136434,0.4935516990349971,2.0261301945778354
212,0.21200030847987253,3.384694422865194,0.48883457806294994,2.0456818009122597
213,0.21300030847987253,3.385179393562508,0.48423122907142835,2.0651290952828885
214,0.21400030847987253,3.3856592030895554,0.47974055464917326,2.084460007203861
215,0.21500030847987253,3.3861349593735035,0.4753613265316514,2.103662927937862
216,0.21600030847987253,3.386606153055963,0.4710921464791252,2.1227269600519896
217,0.21700030847987253,3.387072976880927,0.46693191693538527,2.1416398488312836
218,0.21800030847987253,3.3875358952054144,0.4628795284105544,2.1603893424144753
219,0.21900030847987254,3.3879958784403224,0.4589338845581788,2.1789631004533736
220,0.22000030847987254,3.3884513786205934,0.45509354878931435,2.1973504187442354
221,0.22100030847987254,3.3889031313157036,0.4513572491097469,2.2155399120594415
222,0.22200030847987254,3.389351284185152,0.44772347632114134,2.2335214767311506
223,0.22300030847987254,3.3897955922708523,0.44419088000369267,2.251284402758757
224,0.22400030847987254,3.3902366723567776,0.44075827348411045,2.268817309077808
225,0.22500030847987254,3.3906741817131194,0.43742389322353376,2.2861119739725257
226,0.22600030847987254,3.3911089126009504,0.4341862687075096,2.3031589713253964
227,0.22700030847987254,3.3915401291630016,0.4310441701259197,2.3199478598860828
228,0.22800030847987254,3.3919683636742137,0.4279960401919416,2.336470214891554
229,0.22900030847987254,3.392393842633873,0.425039906057447,2.352720264023499
230,0.23000030847987255,3.3928164963227325,0.4221744431071759,2.3686890960051166
231,0.23100030847987255,3.393236702634084,0.4193979813839469,2.3843700837570996
232,0.23200030847987255,3.3936539688196725,0.4167089169688644,2.399756662933896
233,0.23300030847987255,3.3940685087468063,0.41410571333000235,2.4148423163703043
234,0.23400030847987255,3.394480654289387,0.41158651985617867,2.429622817456295
235,0.23500030847987255,3.3948908755433758,0.40914951272794753,2.444094319782123
236,0.23600030847987252,3.3952990069346405,0.40679313637920067,2.458251898989341
237,0.23700030847987252,3.395704678254078,0.4045155053646211,2.472093125574068
238,0.23800030847987252,3.396108199673123,0.4023146559333362,2.4856166317880812
239,0.23900030847987253,3.396509900306198,0.40018889755195336,2.4988199475728283
240,0.24000030847987253,3.3969095529022555,0.39813670948276036,2.5117000672938468
241,0.24100030847987253,3.3973074193579467,0.3961564258223344,2.5242554072528747
242,0.24200030847987253,3.3977032351447862,0.39424608287223467,2.536486837648746
243,0.24300030847987253,3.3980968257538025,0.392403774130765,2.548395468966002
244,0.24400030847987253,3.3984891161420236,0.39062815755074465,2.5599793068427097
245,0.24500030847987253,3.3988793312769703,0.38891740297150684,2.5712400431545173
246,0.24600030847987253,3.3992686073115292,0.38726995978272116,2.582178076918366
247,0.24700030847987253,3.3996557552792424,0.3856842004540147,2.5927948275372263
248,0.24800030847987253,3.4000415492237535,0.3841583847697571,2.6030929940507317
249,0.24900030847987253,3.4004255857148,0.3826908827972312,2.6130750560102842
250,0.25000030847987254,3.4008087048542155,0.3812800440180399,2.6227441369910407
251,0.25100030847987254,3.4011903848868634,0.37992410002535487,2.6321046754687667
252,0.25200030847987254,3.4015706795682417,0.3786215640030261,2.6411596566961717
253,0.25300030847987254,3.4019494551059863,0.37737067708339195,2.6499144229455287
254,0.25400030847987254,3.402327656072924,0.3761696769052863,2.658374827622761
255,0.25500030847987254,3.402704338187694,0.3750171609666148,2.6665446387106084
256,0.25600030847987254,3.4030801406319187,0.37391170666473117,2.674428166264001
257,0.25700030847987254,3.403455237990271,0.3728517406356154,2.6820311963550436
258,0.25800030847987254,3.403828710189529,0.37183563443873513,2.68936031779053
259,0.25900030847987254,3.4042012242279114,0.37086184079516593,2.6964219285971756
260,0.26000030847987254,3.4045724434972477,0.36992895335910025,2.7032217698009497
261,0.26100030847987254,3.4049425702859413,0.36903581875612845,2.7097640640157867
262,0.26200030847987255,3.4053116372128245,0.3681811939156105,2.716053987888383
263,0.26300030847987255,3.4056804359777653,0.3673635901512917,2.722098832897863
264,0.26400030847987255,3.406048126040387,0.36658166492469796,2.727905118237206
265,0.26500030847987255,3.406414946447988,0.365833528028139,2.733483738874482
266,0.26600030847987255,3.4067810179060594,0.36511827784795525,2.738838509794971
267,0.26700030847987255,3.4071469183949192,0.3644346979488,2.7439758223584176
268,0.26800030847987255,3.407512044628281,0.36378147169987846,2.7489030580012743
269,0.26900030847987255,3.4078762277837082,0.3631574490108429,2.7536265681008865
270,0.27000030847987255,3.408240010502023,0.362561547661438,2.7581523921941264
271,0.27100030847987255,3.4086028628132854,0.36199266319200823,2.7624869277242223
272,0.27200030847987255,3.4089651290688727,0.3614499274870461,2.7666349442989966
273,0.27300030847987256,3.409326889170011,0.36093198839971274,2.770605078352196
274,0.27400030847987256,3.409687796410971,0.3604380941110393,2.7744015306326983
275,0.27500030847987256,3.4100490880311534,0.35996723555419385,2.7780306128707313
276,0.27600030847987256,3.4104101319963234,0.3595182303276138,2.7815001177791236
277,0.27700030847987256,3.4107702582603783,0.35909009481718546,2.7848164414256678
278,0.27800030847987256,3.411129895564132,0.35868198144824603,2.78798504447397
279,0.27900030847987256,3.4114890192455185,0.35829297474810795,2.791012022222969
280,0.28000030847987256,3.4118486070314247,0.3579224170265353,2.7939015619853254
281,0.28100030847987256,3.412207588867634,0.3575696033234186,2.7966583029025225
282,0.28200030847987256,3.412566285215885,0.3572334921605823,2.7992896017445186
283,0.28300030847987256,3.412924411268498,0.3569134636210472,2.8017996010981245
284,0.2840003084798725,3.41328242872883,0.3566088145713965,2.8041931638787085
285,0.2850003084798725,3.413640283110031,0.35631879229804286,2.8064756100866832
286,0.2860003084798725,3.4139980953991795,0.35604260489986206,2.808652633808397
287,0.2870003084798725,3.414355454527911,0.35577973273099467,2.81072784085793
288,0.2880003084798725,3.4147123814429796,0.355529658649556,2.8127048634940905
289,0.2890003084798725,3.4150691004993243,0.35529162245454754,2.814589302982876
290,0.2900003084798725,3.415425560457183,0.3550651058147856,2.816384892864226
291,0.2910003084798725,3.4157820428205894,0.3548496756496886,2.8180947274902137
292,0.2920003084798725,3.4161381747684056,0.35464466166096675,2.819723819658056
293,0.2930003084798725,3.41649390527651,0.35444941375439876,2.8212770601248875
294,0.2940003084798725,3.4168492704094375,0.3542634918378248,2.822757701653834
295,0.2950003084798725,3.4172049572025363,0.3540866152240814,2.824167751630929
296,0.2960003084798725,3.4175597080250193,0.3539182539510731,2.825511227059352
297,0.2970003084798725,3.4179143743180425,0.3537578945864342,2.826792038575039
298,0.2980003084798725,3.418269113905834,0.35360529578870414,2.8280119441354383
299,0.2990003084798725,3.4186234536876,0.3534601395956626,2.8291733295413186
300,0.3000003084798725,3.4189773180674328,0.35332196519230996,2.830279740620454
301,0.3010003084798725,3.419330974954574,0.35319019638157956,2.8313356662924476
302,0.3020003084798725,3.419684594862817,0.3530643559991276,2.8323448204510084
303,0.3030003084798725,3.4200378552049058,0.3529440790003726,2.833310032660852
304,0.3040003084798725,3.420391361545203,0.3528290267923693,2.834233932199898
305,0.30500030847987253,3.420743944453702,0.35271889882481317,2.8351188533752922
306,0.30600030847987253,3.421096761270336,0.35261313365278013,2.8359692381302644
307,0.30700030847987253,3.4214497954654526,0.3525113835357724,2.83678782219673
308,0.30800030847987253,3.4218021732024924,0.3524131672698856,2.8375784246284375
309,0.30900030847987253,3.4221545842292063,0.35231823878074314,2.8383429806548452
310,0.31000030847987253,3.422507038229245,0.35222610667256604,2.8390854086509067
311,0.31100030847987253,3.4228594359751643,0.35213657348594374,2.83980726597238
312,0.31200030847987253,3.42321195069862,0.3520494874517297,2.8405097454860297
313,0.31300030847987254,3.4235639890992555,0.35196446383649316,2.8411959238718913
314,0.31400030847987254,3.423916328708397,0.35188106062260754,2.8418693470760568
315,0.31500030847987254,3.4242686228486137,0.35179911545431064,2.8425313085526316
316,0.31600030847987254,3.424620218680129,0.35171811153231924,2.843185969705488
317,0.31700030847987254,3.4249722877469604,0.351637887759127,2.8438346230910216
318,0.31800030847987254,3.4253237211165324,0.35155830679548594,2.8444783714973796
319,0.31900030847987254,3.425675213602105,0.35147924366893074,2.8451182196748186
320,0.32000030847987254,3.4260269389915674,0.3513998782494266,2.8457608038503404
321,0.32100030847987254,3.4263781926215153,0.35132015040590503,2.846406614720588
322,0.32200030847987254,3.42672955884165,0.35123996705895033,2.847056410958395
323,0.32300030847987254,3.427081353648329,0.3511592033161235,2.847711210632209
324,0.32400030847987255,3.4274326617733655,0.35107765683515796,2.8483726620903465
325,0.32500030847987255,3.427783943800216,0.35099502245013603,2.849043251438315
326,0.32600030847987255,3.428135204974067,0.3509109623638685,2.8497257345955314
327,0.32700030847987255,3.4284863811040465,0.3508252471998728,2.8504219920930556
328,0.32800030847987255,3.428837527905284,0.35073805025131544,2.851130635194747
329,0.32900030847987255,3.4291887472238103,0.35064931196648685,2.8518521664618994
330,0.33000030847987255,3.4295393181476466,0.3505585879230632,2.8525902215793644
331,0.33100030847987255,3.429890087947362,0.3504658549561948,2.8533450145235726
332,0.33200030847987255,3.430240793418637,0.3503710631564678,2.8541169781290487
333,0.33300030847987255,3.430591139600021,0.3502738270635155,2.8549092816422994
334,0.33400030847987255,3.4309422381261276,0.35017435393632457,2.855720268371907
335,0.33500030847987256,3.4312928645832,0.3500723449036179,2.8565524085466407
336,0.33600030847987256,3.4316433875797165,0.34996777945632274,2.8574059062051558
337,0.33700030847987256,3.4319935958783794,0.3498606597108099,2.8582807819163967
338,0.33800030847987256,3.432343607345225,0.34975090670611975,2.859177719988746
339,0.33900030847987256,3.4326938985077593,0.3496385119510928,2.8600968309231316
340,0.34000030847987256,3.4330436799776907,0.34952314782722077,2.8610408386866797
341,0.34100030847987256,3.4333935967638047,0.34940491595177037,2.8620089596507956
342,0.34200030847987256,3.4337433773497157,0.34928385640024495,2.863000913658312
343,0.34300030847987256,3.434093166186431,0.34915971629523046,2.864018823850958
344,0.34400030847987256,3.4344423315349397,0.3490327681088493,2.8650605082676366
345,0.34500030847987256,3.4347915315297106,0.3489024825637908,2.866130365859943
346,0.34600030847987256,3.435140440730547,0.3487686792178392,2.8672299423292102
347,0.34700030847987257,3.4354900002436692,0.348631508129691,2.8683580705734713
348,0.3480003084798725,3.435838950607626,0.3484911432383074,2.869513384781127
349,0.3490003084798725,3.436187659345216,0.34834744510060334,2.87069709872911
350,0.3500003084798725,3.436536378432349,0.3482002436995016,2.871910683850654
351,0.3510003084798725,3.4368850214770466,0.3480493325282611,2.873155919409216
352,0.3520003084798725,3.4372328949944775,0.34789468611578866,2.874433096880282
353,0.3530003084798725,3.4375813220921323,0.3477364818404478,2.8757408331370615
354,0.3540003084798725,3.437929361092626,0.3475746448218759,2.877079829895179
355,0.3550003084798725,3.438277389589999,0.3474089611183558,2.87845194545606
356,0.3560003084798725,3.4386257258967086,0.3472393489173539,2.8798579513464326
357,0.3570003084798725,3.4389733143656382,0.34706555341694945,2.8813000603336842
358,0.3580003084798725,3.4393200215526702,0.3468873434955918,2.8827802995721226
359,0.3590003084798725,3.439667089626346,0.34670464147544994,2.8842994306172556
360,0.3600003084798725,3.4400136870212736,0.3465176861813988,2.8858555850927314
361,0.3610003084798725,3.440360129390863,0.3463264220045774,2.8874493439220843
362,0.3620003084798725,3.4407070987616493,0.34613074490976214,2.8890816973242424
363,0.3630003084798725,3.441053586475668,0.3459308502725832,2.890751140616773
364,0.3640003084798725,3.441399682461788,0.3457267268228138,2.892457893521503
365,0.3650003084798725,3.4417453367140483,0.3455181954681164,2.8942035849810335
366,0.3660003084798725,3.442091250306389,0.34530542168353284,2.895986964596475
367,0.36700030847987253,3.4424367504157436,0.345088388088556,2.8978083138033077
368,0.36800030847987253,3.4427815747679626,0.34486718913594416,2.8996669776138293
369,0.36900030847987253,3.443126273922422,0.34464202023196655,2.9015614501300067
370,0.37000030847987253,3.443470979707048,0.34441290391133833,2.903491677122029
371,0.37100030847987253,3.4438156007647835,0.34418003345070386,2.9054561648278407
372,0.37200030847987253,3.444160274822035,0.3439434687804333,2.9074545405552685
373,0.37300030847987253,3.44450446007689,0.3437033898012136,2.909485415835922
374,0.37400030847987253,3.4448478400984923,0.34345985774820514,2.911548402064246
375,0.37500030847987254,3.4451911605767758,0.3432129508271186,2.9136429659489003
376,0.37600030847987254,3.4455343019620206,0.34296265892848354,2.915769323471817
377,0.37700030847987254,3.445877464933522,0.34270929439371933,2.91792494793315
378,0.37800030847987254,3.446219908108049,0.342453120451576,2.9201077177552053
379,0.37900030847987254,3.4465623966398224,0.34219415220542776,2.9223176186823756
380,0.38000030847987254,3.446904193701918,0.3419323179145813,2.9245553801375737
381,0.38100030847987254,3.4472457005836423,0.3416672718434346,2.9268240841582256
382,0.38200030847987254,3.447587500892998,0.34139922087334157,2.929122091848587
383,0.38300030847987254,3.447928740019921,0.34112823417242094,2.9314489386256923
384,0.38400030847987254,3.448269781912458,0.34085423218738786,2.9338054381271124
385,0.38500030847987254,3.4486103926186513,0.34057745569694353,2.9361896487060237
386,0.38600030847987254,3.448950985820204,0.3402981695568737,2.9385994091657053
387,0.38700030847987255,3.449290897818072,0.3400162344015734,2.941036041293717
388,0.38800030847987255,3.4496307414334564,0.3397319721592517,2.943496879743903
389,0.38900030847987255,3.4499707887827027,0.33944533390015214,2.945982460593051
390,0.39000030847987255,3.4503101848462787,0.3391564355137691,2.948491891316041
391,0.39100030847987255,3.4506492502834196,0.33886569088889473,2.9510216787567143
392,0.39200030847987255,3.4509881041919455,0.3385731187338038,2.9535717535396824
393,0.39300030847987255,3.451326214914633,0.33827915112018747,2.956138433860233
394,0.39400030847987255,3.451664390590183,0.3379839796555046,2.958720117501621
395,0.39500030847987255,3.4520021666056455,0.33768751114057655,2.961317688718752
396,0.39600030847987255,3.4523393488866416,0.33738994275760165,2.963929487128938
397,0.39700030847987255,3.4526760833506196,0.33709151020374706,2.9665535017348064
398,0.39800030847987256,3.4530125627813946,0.33679220199664806,2.9691898864390946
399,0.39900030847987256,3.453349451082091,0.3364920146751139,2.9718387254018763
400,0.40000030847987256,3.453686044718542,0.33619129824830846,2.9744969760086035
401,0.40100030847987256,3.4540222350701595,0.33588997464257814,2.977165368106339
402,0.40200030847987256,3.4543581805813144,0.33558833346662686,2.9798413719273307
403,0.40300030847987256,3.4546935964676244,0.33528674128882535,2.982521754830061
404,0.40400030847987256,3.455029301874876,0.3349852633438109,2.9852059461303933
405,0.40500030847987256,3.4553643198306623,0.3346837647669651,2.987895157377245
406,0.40600030847987256,3.455698593832052,0.3343825429676546,2.9905867427317574
407,0.40700030847987256,3.4560326344035124,0.33408169911596003,2.9932797954697277
408,0.40800030847987256,3.4563665647711685,0.33378145512111007,2.9959723185853977
409,0.40900030847987257,3.456700273274137,0.3334817667346794,2.99866469399992
410,0.41000030847987257,3.457033744498521,0.3331829129739344,3.001354394420077
411,0.41100030847987257,3.4573669081842797,0.33288489148530886,3.0040414136492366
412,0.4120003084798725,3.4577002110641684,0.33258789686569834,3.0067239650750373
413,0.4130003084798725,3.458032966074407,0.3322920870206321,3.009400581777651
414,0.4140003084798725,3.4583651921151017,0.3319978870687284,3.012067362323259
415,0.4150003084798725,3.4586973439456017,0.331705166753548,3.0147254255553553
416,0.4160003084798725,3.4590291897992556,0.33141400993509823,3.0173739492661547
417,0.4170003084798725,3.4593604443365322,0.3311242557289005,3.020014338118209
418,0.4180003084798725,3.4596919270036497,0.33083644210470525,3.022641622060225
419,0.4190003084798725,3.460022441434786,0.33055053227074094,3.0252560573127116
420,0.4200003084798725,3.4603529610955936,0.3302663625349655,3.027859066011088
421,0.4210003084798725,3.4606830988094277,0.32998424986740416,3.030447666522947
422,0.4220003084798725,3.4610128695827376,0.3297044288472217,3.0330196154671
423,0.4230003084798725,3.4613421977059637,0.3294266353360159,3.035577250698013
424,0.4240003084798725,3.4616713184734142,0.3291511211880237,3.0381181640537744
425,0.4250003084798725,3.4619999803190225,0.32887789087907354,3.040642219296201
426,0.4260003084798725,3.462328584780604,0.3286069806083813,3.0431489865145442
427,0.4270003084798725,3.4626572019583275,0.3283387131098662,3.045635376128759
428,0.4280003084798725,3.462985701365172,0.32807305974107287,3.048101544178105
429,0.4290003084798725,3.4633136653991805,0.32781013676919163,3.050546300537654
430,0.43000030847987253,3.4636411987200453,0.3275502144275049,3.052967013768587
431,0.43100030847987253,3.463968274811056,0.32729312175288994,3.055365155993139
432,0.43200030847987253,3.464295189753573,0.327038848107275,3.0577407111952057
433,0.43300030847987253,3.464622008676743,0.3267873484869019,3.060093986594715
434,0.43400030847987253,3.46494810695246,0.326539016639391,3.0624211780007187
435,0.43500030847987253,3.465274623981966,0.3262938714616245,3.064721980589238
436,0.43600030847987253,3.465600702794142,0.32605189214804703,3.0669964630842883
437,0.43700030847987253,3.465926403720979,0.3258131017780275,3.069244283126735
438,0.43800030847987254,3.4662516014752502,0.325577905930889,3.071461489810896
439,0.43900030847987254,3.4665768737799323,0.3253461618943393,3.073649291503749
440,0.44000030847987254,3.46690209248039,0.3251177329376351,3.0758088491956315
441,0.44100030847987254,3.467226507226809,0.3248927512976039,3.077938784432877
442,0.44200030847987254,3.4675510720949787,0.32467110315724623,3.0800400475298084
443,0.44300030847987254,3.467874915842916,0.3244528195538355,3.0821122201222635
444,0.44400030847987254,3.4681991505177625,0.324238060042944,3.084153661256036
445,0.44500030847987254,3.4685230452009037,0.3240269010373847,3.086163515431778
446,0.44600030847987254,3.468846225160531,0.3238197039407503,3.088138207250573
447,0.44700030847987254,3.469169302720768,0.3236165212266409,3.0900770955993995
448,0.44800030847987254,3.4694922149711065,0.3234175134167875,3.0919785061587004
449,0.44900030847987255,3.469815081078797,0.32322283712880917,3.0938407969034842
450,0.45000030847987255,3.470138303400148,0.3230326649984151,3.0956621678024616
451,0.45100030847987255,3.470460820234067,0.32284675369551435,3.0974448048597307
452,0.45200030847987255,3.470783514490218,0.322665390726384,3.099185809016582
453,0.45300030847987255,3.4711061523437756,0.3224887695462911,3.1008831762014486
454,0.45400030847987255,3.4714284250488934,0.32231663492171025,3.102539216577813
455,0.45500030847987255,3.4717507692835703,0.32214914500318104,3.1041522708065097
456,0.45600030847987255,3.4720730740518166,0.3219862039837883,3.1057231261074434
457,0.45700030847987255,3.4723952308011614,0.3218279378011672,3.1072504358457014
458,0.45800030847987255,3.4727174511023553,0.3216742705344599,3.1087348028752997
459,0.45900030847987255,3.473039630282087,0.3215252307207608,3.1101758258855994
460,0.46000030847987256,3.473361474675194,0.3213809899995625,3.111571720534439
461,0.46100030847987256,3.473683055004363,0.32124159043957057,3.112921955814162
462,0.46200030847987256,3.4740040629285356,0.321107048869754,3.1142262479750658
463,0.46300030847987256,3.4743250127102856,0.32097751840856353,3.1154829938186737
464,0.46400030847987256,3.4746459421587392,0.320852956001388,3.11669249509945
465,0.46500030847987256,3.4749668985659317,0.32073324627292493,3.1178557621340555
466,0.46600030847987256,3.4752872710394596,0.32061878794065585,3.1189688116003125
467,0.46700030847987256,3.475607944085988,0.3205094804453316,3.1200325138917915
468,0.46800030847987256,3.4759285269932607,0.3204053668097273,3.1210463481214092
469,0.46900030847987256,3.47624921898074,0.32030647384980643,3.122009954968646
470,0.47000030847987256,3.4765699216289714,0.3202125171791398,3.12292601428994
471,0.47100030847987256,3.476890316882756,0.3201236918483812,3.1237925385217213
472,0.47200030847987257,3.4772105300381746,0.32003999791600524,3.124609444168447
473,0.47300030847987257,3.477529960669659,0.319961411960363,3.1253768817718575
474,0.47400030847987257,3.4778500359600586,0.31988780074882545,3.1260960801227795
475,0.47500030847987257,3.478169819290726,0.31981901234160104,3.1267684578173003
476,0.4760003084798725,3.47848949694348,0.3197552623761795,3.1273918451529323
477,0.4770003084798725,3.4788092065583163,0.3196964985090994,3.127966695486148
478,0.4780003084798725,3.4791287240619306,0.319642497401083,3.128495141073853
479,0.4790003084798725,3.4794483006553376,0.31959332000724416,3.12897653798688
480,0.4800003084798725,3.479768007688885,0.31954880320576506,3.1294124401901646
481,0.4810003084798725,3.4800872094735826,0.3195087178585744,3.1298050541539046
482,0.4820003084798725,3.4804065384096043,0.3194731703764057,3.13015330464775
483,0.4830003084798725,3.4807256216263625,0.3194422011163269,3.130456766530493
484,0.4840003084798725,3.4810449778314254,0.31941585182224286,3.130715004578129
485,0.4850003084798725,3.481364528262121,0.3193941204990569,3.13092801594935
486,0.4860003084798725,3.4816835978331775,0.3193768825932579,3.1310970032654146
487,0.4870003084798725,3.482002447301806,0.31936418378568604,3.131221504384676
488,0.4880003084798725,3.4823214331795023,0.31935576454550174,3.1313040534063075
489,0.4890003084798725,3.4826408440737633,0.31935206989332754,3.1313402801304147
490,0.4900003084798725,3.4829598897984697,0.3193529545931983,3.1313316054139255
491,0.4910003084798725,3.48327926550511,0.3193581814175025,3.1312803559984035
492,0.49200030847987253,3.483598343697028,0.3193678479157493,3.131185579657363
493,0.49300030847987253,3.4839175909816795,0.31938196430948496,3.1310471840889176
494,0.49400030847987253,3.484236618637446,0.3194004808428868,3.1308656685833243
495,0.49500030847987253,3.484555283305514,0.31942363986251443,3.130638672924827
496,0.49600030847987253,3.48487428590896,0.3194513987856171,3.130366634178043
497,0.49700030847987253,3.485193837166571,0.31948369438925933,3.1300501952428244
498,0.49800030847987253,3.485513198107845,0.3195203781056292,3.129690838277029
499,0.49900030847987253,3.485832651689602,0.31956141244245023,3.1292889600057388
500,0.5000003084798725,3.486152238772832,0.3196071365150431,3.1288412733954476
501,0.5010003084798725,3.4864714153840826,0.31965738430561663,3.128349442551668
502,0.5020003084798725,3.486790929305094,0.31971199332912115,3.1278150987928997
503,0.5030003084798725,3.4871104340166714,0.31977097699078566,3.1272381546647225
504,0.5040003084798725,3.487430229167335,0.31983420766334075,3.126619905062205
505,0.5050003084798725,3.487749728754548,0.31990143340693117,3.1259628609664536
506,0.5060003084798725,3.488069435279423,0.3199730475974015,3.1252632292274387
507,0.5070003084798725,3.488389140068907,0.3200491928624412,3.1245196747920096
508,0.5080003084798725,3.48870940597951,0.32012968432364197,3.1237340645643736
509,0.5090003084798725,3.489029634907623,0.3202143159748746,3.122908471332882
510,0.5100003084798725,3.489349927574248,0.3203031528497295,3.122042324913208
511,0.5110003084798725,3.489670225883355,0.32039637499117396,3.121133939257419
512,0.5120003084798725,3.4899908984863823,0.3204935890111528,3.1201872183633634
513,0.5130003084798725,3.4903119992924574,0.32059496614523014,3.1192005664461933
514,0.5140003084798725,3.490633108366644,0.3207000893269753,3.118178114944124
515,0.5150003084798725,3.490953857367421,0.320809259797934,3.1171170078752195
516,0.5160003084798725,3.491274650862093,0.3209225280972257,3.116016834122169
517,0.5170003084798726,3.491595594865357,0.3210395041937616,3.1148814614305396
518,0.5180003084798726,3.49191629458819,0.32116028524679985,3.113710025607733
519,0.5190003084798726,3.492237540075582,0.32128480284221655,3.112503271719022
520,0.5200003084798726,3.4925593407061593,0.3214128177813816,3.111263598330355
521,0.5210003084798726,3.4928803706509974,0.3215444458139855,3.1099899656749264
522,0.5220003084798726,3.4932015615228376,0.3216795834981716,3.108683458009028
523,0.5230003084798726,3.493523241895076,0.3218182634579242,3.107343844488627
524,0.5240003084798726,3.493845108432472,0.3219604885489593,3.105971184560225
525,0.5250003084798726,3.494166911215179,0.3221058245012688,3.1045697529634735
526,0.5260003084798726,3.4944890902847816,0.3222542239498017,3.103140085312807
527,0.5270003084798726,3.494811428171715,0.32240534081223654,3.10168559081775
528,0.5280003084798726,3.4951335621172896,0.322559055861268,3.1002074870596656
529,0.5290003084798726,3.495455756624634,0.32271544176390354,3.0987051457289523
530,0.5300003084798726,3.4957782565997917,0.32287430760821334,3.0971804706537194
531,0.5310003084798726,3.496100678579085,0.32303555067240536,3.0956345142770783
532,0.5320003084798726,3.496423695816738,0.32319907505932133,3.0940682606113765
533,0.5330003084798726,3.496746407441319,0.32336481403936707,3.092482411763755
534,0.5340003084798726,3.4970698534838274,0.3235323613825573,3.0908809113458697
535,0.5350003084798726,3.497392943200455,0.3237015994535026,3.0892649331615147
536,0.5360003084798726,3.49771678076013,0.3238727975920912,3.0876319574682904
537,0.5370003084798726,3.4980407400764317,0.3240453749838475,3.085987572110376
538,0.5380003084798726,3.4983640749680927,0.32421928980179676,3.0843322141977567
539,0.5390003084798726,3.4986879453669943,0.32439432150957764,3.0826680175734067
540,0.5400003084798726,3.4990116524648074,0.3245700879786054,3.0809986410883208
541,0.5410003084798726,3.499335674254219,0.32474652364841333,3.0793247261444114
542,0.5420003084798726,3.499659851901956,0.3249235914480666,3.077646641609994
543,0.5430003084798726,3.499984069124181,0.325101189945634,3.0759653637909725
544,0.5440003084798726,3.500308594359127,0.325278926471468,3.0742846173519807
545,0.5450003084798726,3.5006334874962173,0.32545656177007437,3.072606662349217
546,0.5460003084798726,3.5009587937940325,0.3256339288254841,3.0709330677145954
547,0.5470003084798726,3.501284318643541,0.325810869720288,3.0692653098360725
548,0.5480003084798726,3.50160970202813,0.32598685395288907,3.0676083647977963
549,0.5490003084798726,3.5019356422628154,0.3261615633106943,3.0659651917581168
550,0.5500003084798726,3.5022618422152103,0.32633463539936464,3.06433915228217
551,0.5510003084798726,3.5025877740922824,0.3265059322082557,3.0627314892464765
552,0.5520003084798726,3.5029139060256633,0.32667488302169984,3.061147495485821
553,0.5530003084798726,3.5032402760870087,0.3268412446250807,3.0595893769377214
554,0.5540003084798726,3.5035667407066704,0.3270044112308555,3.0580627222610444
555,0.5550003084798726,3.5038933229118694,0.3271641209202391,3.0565698866587963
556,0.5560003084798726,3.5042202522038837,0.32732024381437524,3.055111985579188
557,0.5570003084798726,3.5045471730428015,0.32747227563771114,3.05369362353691
558,0.5580003084798726,3.5048744185935825,0.3276198923397673,3.05231771141333
559,0.5590003084798726,3.5052014100944953,0.3277627132350898,3.0509876798668794
560,0.5600003084798726,3.5055290816033287,0.3279003735857521,3.0497068029063445
561,0.5610003084798726,3.5058567358296653,0.328032101850666,3.0484821282986565
562,0.5620003084798726,3.5061848316126096,0.3281575684980398,3.0473165820217045
563,0.5630003084798726,3.5065130416203103,0.32827633259619704,3.046214121168675
564,0.5640003084798726,3.506841183436338,0.32838806186893743,3.0451776910182224
565,0.5650003084798726,3.5071690675340865,0.3284924113008225,3.044210354936428
566,0.5660003084798726,3.50749677074643,0.3285886413396467,3.0433188314819035
567,0.5670003084798726,3.507824902552405,0.32867630103043216,3.0425071624114755
568,0.5680003084798726,3.5081533509684775,0.32875498816082654,3.0417789418020975
569,0.5690003084798726,3.50848128896113,0.3288240293630313,3.0411402777866057
570,0.5700003084798726,3.508809729669195,0.3288828251529541,3.0405966001262863
571,0.5710003084798726,3.5091382874668224,0.32893103504164356,3.04015095405454
572,0.5720003084798725,3.509466946579757,0.3289680057758078,3.0398092897869877
573,0.5730003084798725,3.5097956727485933,0.3289930260221221,3.039578109272013
574,0.5740003084798725,3.5101246514180566,0.3290055805477167,3.0394621219957294
575,0.5750003084798725,3.510453039381814,0.3290053502321863,3.0394642497280913
576,0.5760003084798725,3.510781463133792,0.3289916344760235,3.0395909658696163
577,0.5770003084798725,3.5111100452581443,0.32896364974391706,3.0398495419735694
578,0.5780003084798725,3.511438751833205,0.32892064805808224,3.0402469589668804
579,0.5790003084798725,3.511767199749019,0.3288621310505272,3.040787933854134
580,0.5800003084798725,3.512095745112462,0.32878783429908265,3.041475065924573
581,0.5810003084798725,3.512424492935584,0.32869711514572636,3.042314501472441
582,0.5820003084798725,3.512753084960522,0.32858929598196035,3.04331276833467
583,0.5830003084798725,3.513081811146549,0.3284634594812826,3.044478681370598
584,0.5840003084798725,3.5134100994547186,0.3283188067575173,3.04582003655538
585,0.5850003084798725,3.513738756085648,0.32815512378374484,3.047339284146003
586,0.5860003084798725,3.5140674620483323,0.3279717274129452,3.0490433059216477
587,0.5870003084798725,3.514396145924329,0.3277679899255178,3.0509385624485192
588,0.5880003084798725,3.5147245215204372,0.3275437825120744,3.053026964305563
589,0.5890003084798725,3.515052548729544,0.3272980513725104,3.0553191374239557
590,0.5900003084798725,3.5153805984317055,0.3270301413893276,3.0578221192446766
591,0.5910003084798725,3.515707904688808,0.32673983201911244,3.060539003831971
592,0.5920003084798725,3.51603512365023,0.32642640393134764,3.063477672015512
593,0.5930003084798725,3.5163618803375205,0.3260892886726245,3.0666447342400884
594,0.5940003084798725,3.516688733305484,0.3257281094119998,3.0700451422666197
595,0.5950003084798725,3.517014976626304,0.325342339453594,3.0736854037488026
596,0.5960003084798725,3.5173410861854886,0.32493140815043264,3.0775726042987896
597,0.5970003084798725,3.517666711973737,0.32449495943225637,3.0817119678827134
598,0.5980003084798725,3.517991550880958,0.32403286306719126,3.0861067316886333
599,0.5990003084798725,3.518316258544729,0.32354463462411087,3.090763662830584
600,0.6000003084798725,3.5186402327057973,0.3230298248537215,3.09568938550127
601,0.6010003084798725,3.5189643742519503,0.3224881895901862,3.1008887527657585
602,0.6020003084798725,3.519287838829807,0.32191893004697314,3.1063721535545734
603,0.6030003084798725,3.519610866936814,0.32132190717329556,3.112143858466143
604,0.6040003084798725,3.519933604052417,0.3206970139638966,3.1182080170929747
605,0.6050003084798725,3.5202551890397844,0.3200437770379591,3.124572548340454
606,0.6060003084798725,3.5205764682439105,0.3193617472051585,3.1312453941379474
607,0.6070003084798725,3.5208968136420324,0.3186508278783588,3.1382312942922534
608,0.6080003084798725,3.521216368828461,0.31791117655459145,3.145532695130902
609,0.6090003084798725,3.521535216713611,0.3171425346551512,3.153156359450057
610,0.6100003084798725,3.5218534184335946,0.31634488086776985,3.161106945232958
611,0.6110003084798725,3.5221706408233784,0.3155183327651517,3.169387944073365
612,0.6120003084798725,3.5224874062518436,0.31466276503053703,3.178005506634867
613,0.6130003084798725,3.522803129025101,0.31377838846715683,3.186962635907189
614,0.6140003084798725,3.5231177630024453,0.3128653091217084,3.1962636024021056
615,0.6150003084798725,3.523431646421572,0.3119233542929017,3.2059157682081794
616,0.6160003084798725,3.5237442060538804,0.31095279911263934,3.215922168424542
617,0.6170003084798725,3.52405607032575,0.3099538213387588,3.226287050376665
618,0.6180003084798725,3.524366995238018,0.30892685999225905,3.237012152407394
619,0.6190003084798725,3.524677000852978,0.30787181692806653,3.248105039226918
620,0.6200003084798725,3.524985653934395,0.30678897707992925,3.259569524036273
621,0.6210003084798725,3.5252937039478605,0.30567875666579175,3.27140822904266
622,0.6220003084798725,3.52560058582364,0.30454149670422076,3.283624763200097
623,0.6230003084798725,3.5259063784360616,0.30337761686520726,3.2962220823440207
624,0.6240003084798725,3.5262107485425074,0.30218771025621044,3.3092014203759246
625,0.6250003084798725,3.5265139678370914,0.30097214029073993,3.3225666635921756
626,0.6260003084798725,3.5268161427698415,0.2997313645209895,3.336320847163035
627,0.6270003084798725,3.527116870309519,0.2984661065762672,3.350464183257168
628,0.6280003084798725,3.5274159607207967,0.29717717520719383,3.3649959802693243
629,0.6290003084798725,3.5277139667244772,0.29586507224045083,3.37991907063398
630,0.6300003084798725,3.528010656448309,0.29453021581383815,3.395237385871688
631,0.6310003084798725,3.528306220098225,0.2931732345587829,3.410952577253413
632,0.6320003084798725,3.528600138135325,0.29179484513647014,3.4270653394589883
633,0.6330003084798725,3.5288928041409675,0.29039588198703187,3.4435750023640375
634,0.6340003084798725,3.5291839659819537,0.28897710250101416,3.4604817867757895
635,0.6350003084798725,3.529473955843655,0.28753943732867426,3.477783810423688
636,0.6360003084798725,3.5297617902705527,0.2860837522510159,3.4954798800407896
637,0.6370003084798725,3.530048225521469,0.2846107880803823,3.51357025763047
638,0.6380003084798725,3.5303333436044784,0.28312132580649924,3.53205466649819
639,0.6390003084798725,3.530616596486234,0.2816165761999319,3.5509273406195248
640,0.6400003084798725,3.530898624644073,0.28009725349275744,3.5701885239151667
641,0.6410003084798725,3.5311788445038315,0.278564369939484,3.5898345514081442
642,0.6420003084798726,3.5314580362494805,0.27701906958989037,3.6098597886435697
643,0.6430003084798726,3.531735252510664,0.27546243590781894,3.6302590467712306
644,0.6440003084798726,3.532010731200297,0.27389544292506596,3.6510282512206174
645,0.6450003084798726,3.532284483339585,0.27231918339523115,3.672161422974919
646,0.6460003084798726,3.532557101072652,0.27073499297550535,3.6936488667738443
647,0.6470003084798726,3.532827982252399,0.26914383629781535,3.715485421310081
648,0.6480003084798726,3.5330969934290852,0.2675469764216834,3.737661375862048
649,0.6490003084798726,3.5333639480267514,0.26594537252100536,3.760170709197116
650,0.6500003084798726,3.5336292532877724,0.26433986706607326,3.7830086361889723
651,0.6510003084798726,3.5338927301738656,0.26273170544494345,3.806164156345243
652,0.6520003084798726,3.534154724307435,0.2611223730754557,3.8296220588920318
653,0.6530003084798726,3.5344151216599924,0.2595127142134718,3.853375750898328
654,0.6540003084798726,3.5346736906597505,0.25790397404538185,3.8774121403186905
655,0.6550003084798726,3.5349309288155717,0.25629721264063743,3.9017201541014503
656,0.6560003084798726,3.5351864568916955,0.25469346127699943,3.9262884684441124
657,0.6570003084798726,3.535439970258106,0.2530939813687877,3.951101462752219
658,0.6580003084798726,3.5356919805043736,0.251499978699919,3.9761434779013043
659,0.6590003084798726,3.5359421803015243,0.24991279636840502,4.001395744961638
660,0.6600003084798726,3.536191076349144,0.24833329683083025,4.0268462294897995
661,0.6610003084798726,3.536438643411993,0.24676287834323432,4.05247339759529
662,0.6620003084798726,3.53668419063632,0.24520295175605045,4.078254331109718
663,0.6630003084798726,3.536928282745901,0.24365483065554572,4.1041665265142955
664,0.6640003084798726,3.53717046332052,0.24211955787401207,4.130190922124326
665,0.6650003084798726,3.5374112214895286,0.24059841403434168,4.156303373875381
666,0.6660003084798726,3.537650466830856,0.23909253136228137,4.182481126877046
667,0.6670003084798726,3.5378878649474843,0.23760326040276103,4.208696456037266
668,0.6680003084798726,3.5381238954645884,0.23613163708531595,4.23492596055095
669,0.6690003084798726,3.5383585804808044,0.2346785129169299,4.261148528557338
670,0.6700003084798726,3.5385915237120757,0.2332449435388714,4.28733838696634
671,0.6710003084798726,3.5388237060160095,0.23183184485966696,4.313471260194312
672,0.6720003084798726,3.5390541764792447,0.23044047292527892,4.339515482266231
673,0.6730003084798726,3.5392826725093762,0.22907202647021213,4.365439182640824
674,0.6740003084798726,3.5395104932397934,0.22772732693610565,4.3912165195728745
675,0.6750003084798726,3.539736999333999,0.226407355247923,4.416817637858847
676,0.6760003084798726,3.5399619701197227,0.22511329813624203,4.4422075829335705
677,0.6770003084798726,3.540185917983891,0.22384628446773325,4.467351345043866
678,0.6780003084798726,3.5404084982351756,0.22260752110278845,4.492211202236301
679,0.6790003084798726,3.5406302590990655,0.22139787007539774,4.516755286125593
680,0.6800003084798726,3.5408505105611745,0.2202180997809544,4.540952814481079
681,0.6810003084798726,3.5410696762966136,0.21906910591502118,4.564769622914829
682,0.6820003084798726,3.5412878824294065,0.2179519453942758,4.588167351252574
683,0.6830003084798726,3.54150464450315,0.21686782103387758,4.611103644757822
684,0.6840003084798726,3.5417208011258086,0.21581744072840445,4.633545818284679
685,0.6850003084798726,3.54193535146653,0.21480180315188277,4.655454401809266
686,0.6860003084798726,3.5421488423361263,0.21382157052122908,4.676796627965634
687,0.6870003084798726,3.542361459649182,0.2128777193659583,4.697532475349846
688,0.6880003084798726,3.542573074027917,0.21197112375117638,4.717623713567025
689,0.6890003084798726,3.542783834193127,0.21110276267823996,4.737029432078948
690,0.6900003084798726,3.5429938858177357,0.21027311287886868,4.755719769916882
691,0.6910003084798726,3.5432032424648154,0.2094826885344159,4.773664148556648
692,0.6920003084798726,3.5434117379547954,0.20873222940518685,4.790826998061808
693,0.6930003084798726,3.5436194304734787,0.20802275727191466,4.807166355808182
694,0.6940003084798726,3.543826429158067,0.2073549747507693,4.822647738265995
695,0.6950003084798726,3.544032934925764,0.20672953301941088,4.8372382281060196
696,0.6960003084798726,3.5442383413237515,0.20614701484096412,4.850907012994917
697,0.6970003084798726,3.544443259517363,0.20560805770861376,4.863622618415047
698,0.6980003084798726,3.544647724629231,0.2051134645912684,4.8753503432488445
699,0.6990003084798726,3.544851542347759,0.204663622043762,4.886066170499885
700,0.7000003084798725,3.5450551795300935,0.20425918398449894,4.895740698131298
701,0.7010003084798725,3.545258291873452,0.2039006255357938,4.904349838909418
702,0.7020003084798725,3.5454605968031476,0.20358868899131738,4.911864234474479
703,0.7030003084798725,3.545662949689981,0.20332428731925697,4.918251592982662
704,0.7040003084798725,3.5458651207680902,0.20310775325081679,4.923494962622647
705,0.7050003084798725,3.5460673283630393,0.20293988674545224,4.927567547400385
706,0.7060003084798725,3.5462691265997526,0.20282132084324897,4.930448119765736
707,0.7070003084798725,3.5464713681527886,0.20275262028437493,4.932118749426908
708,0.7080003084798725,3.546673098937403,0.20273414732089287,4.932568159902407
709,0.7090003084798725,3.5468753117109393,0.20276630664776846,4.931785840224089
710,0.7100003084798725,3.5470771819195996,0.20284959554841572,4.929760876754235
711,0.7110003084798725,3.54727926563007,0.20298483601361125,4.9264763794126205
712,0.7120003084798725,3.5474806806791084,0.2031720515037298,4.921936814629458
713,0.7130003084798725,3.5476827713687515,0.20341168479631347,4.91613842637089
714,0.7140003084798725,3.54788552243967,0.20370393033669826,4.909085447429117
715,0.7150003084798725,3.54808838353009,0.2040491265106783,4.90078059681215
716,0.7160003084798725,3.5482914531259144,0.20444747705281538,4.891231794176984
717,0.7170003084798725,3.548494570542975,0.20489921803123468,4.880448103260017
718,0.7180003084798725,3.54869886145553,0.205404808033547,4.868435211295924
719,0.7190003084798725,3.5489038532461143,0.2059645646214595,4.855204106773859
720,0.7200003084798725,3.5491090877703457,0.20657847582590383,4.840775380890895
721,0.7210003084798725,3.549314595150039,0.20724719505346656,4.825155774687399
722,0.7220003084798725,3.5495211963049824,0.2079707956637361,4.808367428746488
723,0.7230003084798725,3.5497285226034507,0.2087493986798412,4.790432960881
724,0.7240003084798725,3.549936487335138,0.20958288639450945,4.771381944409549
725,0.7250003084798725,3.5501452964996694,0.2104713229442586,4.751241100265431
726,0.7260003084798725,3.550354789462837,0.211414467431452,4.730045262035982
727,0.7270003084798725,3.550565141881506,0.21241234420616978,4.70782432036713
728,0.7280003084798725,3.5507762982102333,0.21346509170653644,4.684606705506497
729,0.7290003084798725,3.550988975827026,0.2145725443462647,4.660428495391555
730,0.7300003084798725,3.551202821862447,0.21573416510944513,4.635334414892909
731,0.7310003084798725,3.551417263505735,0.2169497624440824,4.6093620418586285
732,0.7320003084798725,3.5516328798697008,0.2182191451247199,4.582549342444105
733,0.7330003084798725,3.551849616945035,0.21954190403036508,4.55493908744496
734,0.7340003084798725,3.552067569583416,0.22091773502550832,4.526571847590845
735,0.7350003084798725,3.5522870773934554,0.22234603509727538,4.49749418541466
736,0.7360003084798725,3.5525074273728054,0.22382645153380515,4.467747190501151
737,0.7370003084798725,3.5527296435291045,0.22535847705748446,4.437374679919051
738,0.7380003084798725,3.5529538997419348,0.2269415597474769,4.406420759215381
739,0.7390003084798725,3.5531795079216626,0.2285745500259778,4.374940254224929
740,0.7400003084798725,3.5534066233196726,0.230256907742926,4.342975026471153
741,0.7410003084798725,3.5536355019500907,0.2319879041610645,4.310569568772518
742,0.7420003084798725,3.553865526216049,0.2337668428865398,4.277766631281222
743,0.7430003084798725,3.5540975534929635,0.23559286717735617,4.2446106793513065
744,0.7440003084798725,3.554331782005533,0.2374646917302751,4.211152372647689
745,0.7450003084798725,3.5545673922116037,0.23938123616042953,4.17743686196781
746,0.7460003084798725,3.5548051228893116,0.24134144870760302,4.143507074126952
747,0.7470003084798725,3.555044561269653,0.24334400929439154,4.109408745666818
748,0.7480003084798725,3.555286038596081,0.2453879461181192,4.075179795174792
749,0.7490003084798725,3.555529993636385,0.24747177520091848,4.04086485898489
750,0.7500003084798725,3.555776013438506,0.24959407906969805,4.006505297430371
751,0.7510003084798725,3.5560237887448434,0.25175342597280465,3.9721405821425595
752,0.7520003084798725,3.5562736141426408,0.2539483567502589,3.9378085087726427
753,0.7530003084798725,3.55652592910203,0.25617776756901817,3.9035393644399092
754,0.7540003084798725,3.5567805246587585,0.2584398902871692,3.8693717091770767
755,0.7550003084798725,3.557038079811891,0.2607332546756061,3.8353373881830306
756,0.7560003084798725,3.5572972614310614,0.2630559155311486,3.8014731506069834
757,0.7570003084798725,3.557558924806511,0.26540620168719237,3.7678094695714743
758,0.7580003084798725,3.5578227974258265,0.267782460144919,3.734374534683183
759,0.7590003084798725,3.558089582346407,0.27018306917131774,3.701194168335988
760,0.7600003084798725,3.5583590957307503,0.27260609808938924,3.668296516507469
761,0.7610003084798725,3.5586309601267163,0.27504955959314187,3.635708420981359
762,0.7620003084798725,3.5589048927986213,0.2775113407635291,3.603456338932514
763,0.7630003084798725,3.5591818430832327,0.2799891121871664,3.571567451992643
764,0.7640003084798725,3.5594612019363785,0.28248093737481983,3.5400618862755846
765,0.7650003084798725,3.5597431882936643,0.28498452793261275,3.5089624242213575
766,0.7660003084798725,3.560028157211838,0.2874980260360026,3.4782847513352064
767,0.7670003084798726,3.560315971940916,0.29001928433826907,3.4480465748395974
768,0.7680003084798726,3.5606065200038515,0.29254601112411666,3.4182657153911298
769,0.7690003084798726,3.560899712533782,0.29507606244818096,3.388956703919731
770,0.7700003084798726,3.5611959131534174,0.2976070322004027,3.360135654746961
771,0.7710003084798726,3.5614944990472117,0.3001368818491661,3.3318131175313215
772,0.7720003084798726,3.5617952295671245,0.3026633591397678,3.3040008636731186
773,0.7730003084798726,3.562099148708134,0.3051840125671925,3.2767116192884758
774,0.7740003084798726,3.562405068891198,0.3076961918602765,3.249958973993723
775,0.7750003084798726,3.562714024147732,0.31019787039291125,3.223748759891075
776,0.7760003084798726,3.563025615232079,0.312686982605916,3.19808644308137
777,0.7770003084798726,3.563339929137372,0.3151607754086906,3.172983689684198
778,0.7780003084798726,3.563657025233868,0.3176168293517791,3.1484477760227305
779,0.7790003084798726,3.5639764980893944,0.3200529253716799,3.124483236135687
780,0.7800003084798726,3.564298148490949,0.3224665050529229,3.1010972746948737
781,0.7810003084798726,3.5646225553730853,0.3248553861767801,3.078292811361358
782,0.7820003084798726,3.5649495834762837,0.3272175201961201,3.056071078958862
783,0.7830003084798726,3.5652793930484252,0.3295504960219891,3.0344363369833176
784,0.7840003084798726,3.565611760044469,0.33185184073369395,3.0133929581016994
785,0.7850003084798726,3.565945959141877,0.3341193221235278,2.9929427416660697
786,0.7860003084798726,3.5662832769860735,0.3363507131598077,2.9730871999812822
787,0.7870003084798726,3.5666224144715857,0.3385440278914849,2.9538255518142966
788,0.7880003084798726,3.5669644000086884,0.3406968119357818,2.935161014035232
789,0.7890003084798726,3.5673085816060763,0.34280715991693483,2.917091930758706
790,0.7900003084798726,3.5676547441932245,0.3448732691896151,2.8996158570068506
791,0.7910003084798726,3.5680030964628657,0.34689306645268386,2.8827327401667735
792,0.7920003084798726,3.5683532320812597,0.3488646148962058,2.8664414712782493
793,0.7930003084798726,3.5687058575587804,0.3507857521082048,2.8507429221114315
794,0.7940003084798726,3.5690603119508473,0.3526549450223847,2.8356330007977775
795,0.7950003084798726,3.569417224476153,0.35447047711299845,2.8211094140887196
796,0.7960003084798726,3.5697758202584646,0.3562307302732251,2.8071693849461297
797,0.7970003084798726,3.5701359168354054,0.35793409069034576,2.793810441669037
798,0.7980003084798726,3.5704979484165307,0.35957909950103006,2.7810292683519426
799,0.7990003084798726,3.5708619111538917,0.36116426783317634,2.7688231895130477
800,0.8000003084798726,3.5712271682054726,0.3626882744042018,2.757188667438251
801,0.8010003084798726,3.5715940758265607,0.3641499344343866,2.746121598382939
802,0.8020003084798726,3.57196258082683,0.3655478378157386,2.735620065421011
803,0.8030003084798726,3.572332478754533,0.3668810817781608,2.7256788361866593
804,0.8040003084798726,3.5727039818494153,0.3681488294569674,2.7162927598467053
805,0.8050003084798726,3.5730767216659616,0.3693502849651467,2.707456960793637
806,0.8060003084798726,3.5734507807012568,0.37048472125697074,2.6991666393346168
807,0.8070003084798726,3.573825639232374,0.3715512645068683,2.691418642666238
808,0.8080003084798726,3.5742023712227584,0.37254937166619256,2.684207989742655
809,0.8090003084798726,3.574580032282771,0.37347858175321597,2.6775297134998
810,0.8100003084798726,3.5749580211510557,0.37433869832603917,2.6713775638793997
811,0.8110003084798726,3.5753367825209676,0.37512947432342,2.6657462781446077
812,0.8120003084798726,3.5757167361190487,0.37585098172898507,2.6606289423531964
813,0.8130003084798726,3.5760972849639163,0.376503200175236,2.656019921038041
814,0.8140003084798726,3.576478474095959,0.37708589686114913,2.6519156731237308
815,0.8150003084798726,3.5768603371325947,0.377599573774137,2.6483080740926757
816,0.8160003084798726,3.577242749584763,0.3780443459804703,2.645192318394466
817,0.8170003084798726,3.5776251751865744,0.37842062372122015,2.642562105010146
818,0.8180003084798726,3.5780077934733607,0.37872891062521374,2.6404110484968752
819,0.8190003084798726,3.5783911171390463,0.3789693281071592,2.6387359763248046
820,0.8200003084798726,3.578774406009493,0.3791429623917305,2.6375275270619425
821,0.8210003084798726,3.5791577687827902,0.37925074812281995,2.636777923180658
822,0.8220003084798726,3.5795407091517686,0.37929367945152614,2.636479472703157
823,0.8230003084798726,3.5799236461505357,0.3792726217418014,2.636625853475849
824,0.8240003084798726,3.5803063260793175,0.3791883976991907,2.637211491880344
825,0.8250003084798726,3.580689346375914,0.37904230504673236,2.638227941012308
826,0.8260003084798726,3.5810721301621324,0.3788357861608106,2.639666146997828
827,0.8270003084798726,3.581454243593847,0.37857009342033965,2.641518750108094
828,0.8280003084798725,3.5818355128190666,0.3782466839160857,2.643777308625
829,0.8290003084798725,3.582216270093522,0.37786708420254633,2.646433208413503
830,0.8300003084798725,3.5825964979135563,0.3774327855877141,2.6494783659105403
831,0.8310003084798725,3.5829761577413457,0.3769453849656861,2.652904213407551
832,0.8320003084798725,3.583355794370524,0.37640693875471515,2.6566991652926144
833,0.8330003084798725,3.5837342613740444,0.375819306441563,2.660853188912721
834,0.8340003084798725,3.584112251893215,0.37518420002448477,2.6653574429166778
835,0.8350003084798725,3.5844890291671216,0.37450380937460603,2.6701998083008203
836,0.8360003084798725,3.584865417494643,0.37377970330135046,2.6753726624737975
837,0.8370003084798725,3.5852408406527254,0.3730140915030149,2.6808638675569108
838,0.8380003084798725,3.5856149848505456,0.3722089749797765,2.686662781450484
839,0.8390003084798725,3.585988269537604,0.37136659465086796,2.6927570072373572
840,0.8400003084798725,3.5863605975094033,0.3704891891738223,2.6991340887165007
841,0.8410003084798725,3.586732066456696,0.3695787570905486,2.705783221612478
842,0.8420003084798725,3.587102367036785,0.3686376938540465,2.7126905812185518
843,0.8430003084798725,3.587472005023517,0.36766809403462797,2.719844381998013
844,0.8440003084798725,3.5878394792534976,0.366672320960564,2.727230671189798
845,0.8450003084798725,3.5882058695619827,0.3656524838190543,2.734837158920701
846,0.8460003084798725,3.5885710744169446,0.36461112252861677,2.7426480933025137
847,0.8470003084798725,3.5889352936164918,0.36355059257090794,2.7506487967144686
848,0.8480003084798725,3.5892979133690863,0.3624733379208105,2.758823602685144
849,0.8490003084798725,3.58965975409525,0.3613817559151809,2.7671568462761793
850,0.8500003084798725,3.5900200838520764,0.3602783327819399,2.775631807437209
851,0.8510003084798725,3.5903793181123924,0.35916554534162504,2.7842314302415527
852,0.8520003084798725,3.59073726833247,0.35804544052112225,2.7929415845780245
853,0.8530003084798725,3.59109367499862,0.3569204836542275,2.801744494352883
854,0.8540003084798725,3.5914492269305702,0.35579269670192387,2.810625426743316
855,0.8550003084798725,3.591803468765992,0.35466445500847843,2.819566454653863
856,0.8560003084798725,3.592156450342629,0.3535379148913861,2.828550935780735
857,0.8570003084798725,3.5925079971240526,0.3524152487254606,2.8375616651566133
858,0.8580003084798725,3.5928578469449812,0.3512984092542064,2.8465827730986972
859,0.8590003084798725,3.5932064567430775,0.3501894507404329,2.855597157154854
860,0.8600003084798725,3.593554174853757,0.34909049820932436,2.864586704964889
861,0.8610003084798725,3.593900176098321,0.3480037384407265,2.873532349050682
862,0.8620003084798725,3.5942453533382888,0.34693112604484483,2.8824164940182926
863,0.8630003084798725,3.5945890958074367,0.34587413438319004,2.8912251613822946
864,0.8640003084798725,3.594931655158026,0.344834676114822,2.899940375100279
865,0.8650003084798725,3.5952729894658204,0.3438142164582646,2.9085475589151195
866,0.8660003084798725,3.5956134736215204,0.3428144338040011,2.9170300354731697
867,0.8670003084798725,3.5959528252326605,0.34183687353800296,2.925371946127477
868,0.8680003084798725,3.596290610015115,0.3408830359626928,2.9335575388076593
869,0.8690003084798725,3.596627439036237,0.3399542146681907,2.941572590815034
870,0.8700003084798725,3.5969636507490654,0.3390519033619424,2.9494009326722073
871,0.8710003084798725,3.597299085779493,0.33817736752479427,2.95702816341393
872,0.8720003084798725,3.597633481575282,0.33733174037802743,2.9644408761516483
873,0.8730003084798725,3.5979672243555325,0.3365162343065762,2.971624837240306
874,0.8740003084798725,3.5982998692300603,0.3357315305364173,2.978570402375503
875,0.8750003084798725,3.5986318856012716,0.3349786236272558,2.985265116835456
876,0.8760003084798725,3.598963464425087,0.3342583209348083,2.991698148914695
877,0.8770003084798725,3.5992933149898754,0.33357139908706485,2.9978589373574915
878,0.8780003084798725,3.5996229448443544,0.33291847944162145,3.003738337617134
879,0.8790003084798725,3.5999517871802764,0.3322999606475646,3.0093292760289976
880,0.8800003084798725,3.6002799105456127,0.33171660925750146,3.0146214331514845
881,0.8810003084798725,3.600607820809162,0.3311688907517873,3.0196072998580803
882,0.8820003084798725,3.6009347780267746,0.33065701544901055,3.0242818185546905
883,0.8830003084798725,3.6012611533988323,0.3301813287053142,3.028638851025089
884,0.8840003084798725,3.601587662355194,0.32974214378316974,3.032672707609905
885,0.8850003084798725,3.6019134772066677,0.32933951905753206,3.0363802159597824
886,0.8860003084798725,3.602239204567738,0.32897324340068135,3.039760892596437
887,0.8870003084798725,3.602564697172585,0.32864340919237367,3.0428116676900805
888,0.8880003084798725,3.6028902410329424,0.32834997579339065,3.0455309082441815
889,0.8890003084798725,3.60321503750817,0.32809281512794863,3.0479180094511458
890,0.8900003084798725,3.6035399321274215,0.32787163180491435,3.0499741453539544
891,0.8910003084798725,3.603864635990164,0.32768592536544866,3.0517026292318152
892,0.8920003084798726,3.6041894488187864,0.3275351221605641,3.0531076893481384
893,0.8930003084798726,3.604514631880128,0.3274189795721916,3.0541906926306117
894,0.8940003084798726,3.6048391197814436,0.32733684065139906,3.054957083382377
895,0.8950003084798726,3.60516387071606,0.3272881634972277,3.055411443281451
896,0.8960003084798726,3.605489163038284,0.3272718828101364,3.0555634398331133
897,0.8970003084798726,3.605814564182646,0.3272874789424314,3.0554178339828764
898,0.8980003084798726,3.6061397838405878,0.3273342105948167,3.054981629273781
899,0.8990003084798726,3.6064654032827503,0.3274111161615695,3.0542640449218106
900,0.9000003084798726,3.60679138775564,0.32751733250867093,3.0532735240005207
901,0.9010003084798726,3.6071177024296537,0.3276519043309461,3.0520194962454608
902,0.9020003084798726,3.6074438277635505,0.3278138733498446,3.0505115289394573
903,0.9030003084798726,3.607770819960143,0.3280023264243722,3.048758863698398
904,0.9040003084798726,3.608097991237272,0.3282160843869671,3.046773292258886
905,0.9050003084798726,3.608425715457314,0.32845393682651963,3.0445669479923834
906,0.9060003084798726,3.6087534570069693,0.3287144008965592,3.042154518550232
907,0.9070003084798726,3.60908156572507,0.32899629406379305,3.039547916020288
908,0.9080003084798726,3.609410008218114,0.3292986191729046,3.036757343567635
909,0.9090003084798726,3.609738391627467,0.32961992922869787,3.0337971443048795
910,0.9100003084798726,3.610067788898175,0.32995887002528707,3.0306807631004524
911,0.9110003084798726,3.6103978436165036,0.3303140334954861,3.0274220850312905
912,0.9120003084798726,3.6107285840502104,0.33068420962082057,3.0240331134850713
913,0.9130003084798726,3.6110598852041425,0.33106793134724144,3.0205281312829646
914,0.9140003084798726,3.611391739878818,0.33146427511665305,3.016916377030579
915,0.9150003084798726,3.6117240369252923,0.3318717192479908,3.0132124613268148
916,0.9160003084798726,3.612056647144026,0.33228905326070757,3.0094280572505627
917,0.9170003084798726,3.6123894464589164,0.3327148215588108,3.00557695420623
918,0.9180003084798726,3.6127232580489688,0.3331478392396188,3.001670376378288
919,0.9190003084798726,3.61305754148081,0.3335867466104575,2.9977210130825123
920,0.9200003084798726,3.6133919404780603,0.33403009010925133,2.9937422693654026
921,0.9210003084798726,3.6137273774692704,0.3344763773679508,2.989747759973853
922,0.9220003084798726,3.614062522427294,0.334924560491234,2.9857469948853543
923,0.9230003084798726,3.6143984997889613,0.33537347498263026,2.9817504203389738
924,0.9240003084798726,3.6147353685023353,0.33582181693036517,2.9777696075277817
925,0.9250003084798726,3.6150722278478926,0.3362683172880534,2.9738156959443263
926,0.9260003084798726,3.6154098574265583,0.33671175268846804,2.969899304124435
927,0.9270003084798726,3.6157480545690097,0.33715108969258917,2.9660292686931236
928,0.9280003084798726,3.6160862747435907,0.3375855544036058,2.962212058411818
929,0.9290003084798726,3.616425429174518,0.3380141511206126,2.9584560193255722
930,0.9300003084798726,3.6167643898404522,0.3384357105529739,2.954770932317068
931,0.9310003084798726,3.617104110916062,0.33884924979186676,2.9511648634731684
932,0.9320003084798726,3.617444699021332,0.339253961056269,2.9476442865589387
933,0.9330003084798726,3.617785437418171,0.33964907856932786,2.9442152595031517
934,0.9340003084798726,3.6181264128926065,0.340033706538711,2.9408849204370138
935,0.9350003084798726,3.618468040585248,0.34040700129842616,2.9376599076566157
936,0.9360003084798726,3.618810378308917,0.3407683087675245,2.9345451858969955
937,0.9370003084798726,3.6191529463745717,0.34111690312113635,2.931546314035582
938,0.9380003084798726,3.61949584987749,0.3414527878025188,2.9286625727547313
939,0.9390003084798726,3.6198393752057165,0.3417751350963526,2.925900386867178
940,0.9400003084798726,3.620182996665818,0.3420831400036329,2.9232659639097682
941,0.9410003084798726,3.6205271777243153,0.3423760214415492,2.9207652913004045
942,0.9420003084798726,3.6208715427499207,0.34265347275137803,2.9184003067891813
943,0.9430003084798726,3.6212162010069457,0.3429150070378411,2.916174502358973
944,0.9440003084798726,3.621561389503412,0.34316005106121594,2.9140921179709554
945,0.9450003084798726,3.6219067804215217,0.3433885005824779,2.9121534306004278
946,0.9460003084798726,3.6222525027471058,0.3436000324973782,2.910360609490427
947,0.9470003084798726,3.6225979815830867,0.3437947894387279,2.908711913966407
948,0.9480003084798726,3.622943982987796,0.34397272176712057,2.9072072775498423
949,0.9490003084798726,3.623290383954031,0.3441334424885102,2.9058495238613364
950,0.9500003084798726,3.6236368052720915,0.34427666641421073,2.9046406496711765
951,0.9510003084798726,3.6239833628105402,0.34440243997027786,2.9035798935869925
952,0.9520003084798726,3.6243298702032813,0.34451103266872235,2.902664661429255
953,0.9530003084798726,3.6246761148891005,0.34460259686563655,2.901893395742193
954,0.9540003084798726,3.6250225913134773,0.3446772057321598,2.9012652515730193
955,0.9550003084798726,3.6253691086487185,0.34473509011915965,2.9007781008145828
956,0.9560003084798725,3.625715905881146,0.3447763420468764,2.900431027439923
957,0.9570003084798725,3.6260621524659644,0.3448015129686492,2.9002192925148917
958,0.9580003084798725,3.6264084160284003,0.3448108809137247,2.9001404983220658
959,0.9590003084798725,3.6267543835954505,0.3448048486350376,2.9001912355892094
960,0.9600003084798725,3.6271004166997662,0.3447836513059137,2.9003695396007543
961,0.9610003084798725,3.627446923760626,0.34474773256511415,2.90067172468241
962,0.9620003084798725,3.6277930971255175,0.3446976421529895,2.9010932414680206
963,0.9630003084798725,3.6281390725357143,0.3446338184503658,2.901630503055289
964,0.9640003084798725,3.6284843860049256,0.344556819690183,2.9022789358781966
965,0.9650003084798725,3.6288300731097527,0.3444673180736341,2.90303302383606
966,0.9660003084798725,3.6291751546407065,0.3443652720840313,2.9038932815385117
967,0.9670003084798725,3.6295204355089052,0.344251314332021,2.9048545593511585
968,0.9680003084798725,3.6298660781203678,0.3441264737140293,2.9059083691160725
969,0.9690003084798725,3.630211318459372,0.3439916115005545,2.9070476330449355
970,0.9700003084798725,3.6305561033395626,0.34384733719079413,2.9082673961355114
971,0.9710003084798725,3.6309000681572647,0.3436940192985407,2.909564740291208
972,0.9720003084798725,3.63124398088001,0.34353263242376586,2.910931613525572
973,0.9730003084798725,3.6315875832587663,0.3433638510114319,2.912362489686505
974,0.9740003084798725,3.6319308960666326,0.3431882262534667,2.913852875772712
975,0.9750003084798725,3.6322743913017517,0.34300686382742906,2.9153935546406795
976,0.9760003084798725,3.63261760306062,0.34282056185888854,2.916977892392636
977,0.9770003084798725,3.632960459260426,0.3426300957631068,2.9185994235935313
978,0.9780003084798725,3.633302847467445,0.34243650909677026,2.920249370131871
979,0.9790003084798725,3.6336454377293665,0.3422406723735748,2.9219203932267996
980,0.9800003084798725,3.6339875603122542,0.3420432946462892,2.9236065014345956
981,0.9810003084798725,3.6343293455023877,0.34184496686423,2.925302686691796
982,0.9820003084798725,3.634670494318124,0.34164645412543815,2.9270024258259744
983,0.9830003084798725,3.6350116647114947,0.34144848664964605,2.928699464484906
984,0.9840003084798725,3.6353528850270216,0.34125158550433005,2.9303893153261593
985,0.9850003084798725,3.635693546540152,0.341056587072518,2.932064759644629
986,0.9860003084798725,3.6360339831159596,0.3408643817419693,2.9337180813364925
987,0.9870003084798725,3.6363745255093405,0.3406756182803943,2.9353436123419505
988,0.9880003084798725,3.636714083970653,0.3404909562895071,2.936935567679913
989,0.9890003084798725,3.6370540418297286,0.3403108317495661,2.938490070559663
990,0.9900003084798725,3.6373938692563366,0.340136255534833,2.939998261660145
991,0.9910003084798725,3.637733363531017,0.3399675808120092,2.9414569401338504
992,0.9920003084798725,3.638072476761367,0.3398057100136851,2.9428581407879424
993,0.9930003084798725,3.638411224673,0.33965107633892533,2.9441979421320505
994,0.9940003084798725,3.6387498706553196,0.33950428511788905,2.945470922856721
995,0.9950003084798725,3.6390884616160495,0.3393663401311422,2.9466681922949913
996,0.9960003084798725,3.639426698287511,0.3392374828470922,2.9477874661944115
997,0.9970003084798725,3.639764778458343,0.3391182055657733,2.948824284829043
998,0.9980003084798725,3.6401026797647633,0.3390092924877043,2.9497716498029907
999,0.9990003084798725,3.640440400846373,0.3389108787402618,2.9506282115139504
1000,1.0000003084798725,3.6407783193122083,0.3388237438719536,2.951387020792482
1001,1.0010003084798726,3.641115675320204,0.3387482089230095,2.9520451286792766
1002,1.0020003084798725,3.641452833078861,0.33868474790315956,2.9525982678320397
1003,1.0030003084798726,3.6417902873391275,0.3386335643005179,2.953044545556498
1004,1.0040003084798725,3.642127673558328,0.33859504294835296,2.953380508150361
1005,1.0050003084798727,3.642464448801179,0.3385694232763424,2.9536039915329093
1006,1.0060003084798725,3.6428016110273145,0.3385567514913681,2.953714541490974
1007,1.0070003084798727,3.643138076744927,0.33855722220706946,2.9537104347706893
1008,1.0080003084798725,3.6434748997206077,0.33857105367742446,2.9535897683466934
1009,1.0090003084798727,3.6438117359304645,0.33859816488930156,2.9533532774075475
1010,1.0100003084798725,3.6441486502091522,0.338638499204291,2.953001511493022
1011,1.0110003084798727,3.644485344671564,0.33869215381923273,2.952533705678111
1012,1.0120003084798725,3.644822216199957,0.3387588130188441,2.95195272143185
1013,1.0130003084798727,3.6451595071744274,0.33883872764351874,2.951256507644745
1014,1.0140003084798725,3.6454965260859087,0.33893140004370653,2.9504495596189853
1015,1.0150003084798727,3.645833596098808,0.33903680755631904,2.949532256416983
1016,1.0160003084798725,3.6461709137383735,0.3391550188865223,2.9485042069643956
1017,1.0170003084798727,3.6465080345406067,0.33928601210848486,2.9473658338742696
1018,1.0180003084798726,3.6468457604621762,0.33942935002618313,2.946121188173213
1019,1.0190003084798727,3.647183961491232,0.33958439699391685,2.9447760522928665
1020,1.0200003084798726,3.647522382884029,0.3397508573274256,2.943333264458189
1021,1.0210003084798724,3.6478611410174864,0.3399282298476577,2.941797450738823
1022,1.0220003084798726,3.6481998267075504,0.3401163893939115,2.940169986462585
1023,1.0230003084798724,3.648538961070803,0.3403149966857414,2.938454107925883
1024,1.0240003084798726,3.648878350630122,0.3405236321693466,2.9366537459658235
1025,1.0250003084798724,3.649217958086056,0.3407419950588424,2.9347718053576313
1026,1.0260003084798726,3.6495575084533516,0.34096934375790994,2.932814982657225
1027,1.0270003084798724,3.6498972655405897,0.34120513781818,2.9307882243346404
1028,1.0280003084798726,3.650237804189288,0.34144902960210544,2.9286948074367403
1029,1.0290003084798724,3.6505786441295616,0.3417008026437015,2.926536877476172
1030,1.0300003084798726,3.6509197610299173,0.3419598314873077,2.9243200748188354
1031,1.0310003084798725,3.6512611300098268,0.3422253360093218,2.92205133512605
1032,1.0320003084798726,3.651602752978256,0.3424966600376847,2.919736501634704
1033,1.0330003084798725,3.651945060972793,0.34277303090879585,2.9173823779213173
1034,1.0340003084798726,3.6522875171836398,0.34305383179517773,2.9149944041349634
1035,1.0350003084798725,3.652630788010091,0.34333863077332644,2.9125764198092936
1036,1.0360003084798726,3.6529744046825474,0.3436266622858848,2.9101350673657467
1037,1.0370003084798725,3.6533183600677233,0.3439168299518799,2.9076797437913053
1038,1.0380003084798726,3.6536621107206555,0.3442084274495278,2.9052164916753314
1039,1.0390003084798725,3.654006194259316,0.3445007921346375,2.9027509452262183
1040,1.0400003084798726,3.6543512777627742,0.34479317879425636,2.900289395216592
1041,1.0410003084798725,3.654696499017134,0.3450848493810259,2.897838029672084
1042,1.0420003084798726,3.655041755283603,0.34537501529221,2.8954034186692232
1043,1.0430003084798725,3.6553878651779126,0.34566304693026445,2.892990757562073
1044,1.0440003084798726,3.6557337090442545,0.3459477759676117,2.8906097089452656
1045,1.0450003084798725,3.656080150152145,0.3462285616684745,2.888265471747919
1046,1.0460003084798726,3.656426973011007,0.34650469373444,2.8859637923588894
1047,1.0470003084798725,3.656773711703378,0.3467751842999665,2.883712691318139
1048,1.0480003084798726,3.6571215359714637,0.34703923818545646,2.8815185430576693
1049,1.0490003084798725,3.6574687450153185,0.3472960403430608,2.8793878531186103
1050,1.0500003084798726,3.6578166679123942,0.34754490410944283,2.8773260323365215
1051,1.0510003084798725,3.658164806480314,0.3477850518008103,2.8753392212289155
1052,1.0520003084798726,3.658512740867597,0.3480161992812483,2.873429461229915
1053,1.0530003084798725,3.6588614572225278,0.34823724200542466,2.8716055590183616
1054,1.0540003084798726,3.659210227426481,0.3484473707241101,2.8698738576270366
1055,1.0550003084798725,3.659559137702952,0.3486460209661011,2.8682386715012305
1056,1.0560003084798726,3.659908586761886,0.34883224960691267,2.8667074249209077
1057,1.0570003084798725,3.6602579437572387,0.3490056245551639,2.8652833354034954
1058,1.0580003084798726,3.6606079804284,0.34916538533290925,2.8639723237358052
1059,1.0590003084798725,3.6609579624763593,0.3493107976806377,2.862780099097492
1060,1.0600003084798726,3.6613082482291985,0.349441149039317,2.8617122017518493
1061,1.0610003084798725,3.661658805884399,0.34955598980608804,2.86077203413032
1062,1.0620003084798726,3.6620095853529864,0.3496549941374943,2.8599620104575756
1063,1.0630003084798725,3.6623603665142688,0.34973797795863126,2.8592834150779156
1064,1.0640003084798726,3.662710906348631,0.349804374488724,2.8587406931705917
1065,1.0650003084798725,3.6630617252935735,0.3498536804678638,2.8583378018567283
1066,1.0660003084798726,3.663412939543305,0.3498857450019833,2.858075855574887
1067,1.0670003084798725,3.663763803676396,0.3499001124437161,2.857958498543944
1068,1.0680003084798726,3.664115122875272,0.349896319144417,2.857989482270769
1069,1.0690003084798725,3.664466458008908,0.34987448535006954,2.858167834100399
1070,1.0700003084798726,3.664817623334749,0.34983435157868736,2.858495729442603
1071,1.0710003084798725,3.665168579952512,0.34977568838804735,2.858975146639072
1072,1.0720003084798726,3.6655195013263118,0.3496983136388121,2.8596077275707303
1073,1.0730003084798725,3.6658704917747915,0.34960224377145854,2.8603935409914545
1074,1.0740003084798726,3.6662214531390465,0.3494872124844435,2.8613350196454252
1075,1.0750003084798725,3.6665719644060895,0.34935328292210044,2.8624319532242155
1076,1.0760003084798726,3.666922799617535,0.34920036019198836,2.8636854768712316
1077,1.0770003084798725,3.667273012487985,0.3490284275394337,2.865096138586072
1078,1.0780003084798726,3.6676233650181156,0.3488372227279124,2.866666556338182
1079,1.0790003084798725,3.6679736982098365,0.3486266860099101,2.8683977450067433
1080,1.0800003084798726,3.6683237641049518,0.3483973432164521,2.8702859521483797
1081,1.0810003084798725,3.668673930284826,0.3481491612463531,2.8723320671520796
1082,1.0820003084798726,3.669023247706142,0.34788244979304767,2.8745342014088138
1083,1.0830003084798725,3.6693729476929877,0.34759734586904406,2.8768919322437694
1084,1.0840003084798726,3.6697220353750826,0.3472940833718637,2.879404078212453
1085,1.0850003084798725,3.6700702551510753,0.3469731410184879,2.8820674622382847
1086,1.0860003084798726,3.670418528005727,0.34663484829744184,2.8848801697569537
1087,1.0870003084798725,3.6707661314273174,0.3462794961196236,2.8878406351109684
1088,1.0880003084798726,3.67111366139426,0.34590706415351985,2.8909499216129966
1089,1.0890003084798725,3.6714606402549945,0.3455178747918054,2.894206271101193
1090,1.0900003084798726,3.6718075391520757,0.34511249507930286,2.897605894478586
1091,1.0910003084798725,3.6721537362476417,0.3446912549088545,2.90114699969521
1092,1.0920003084798726,3.6724996423295884,0.3442546844792534,2.9048261217205464
1093,1.0930003084798725,3.672845158973193,0.34380313085498876,2.9086413422505615
1094,1.0940003084798726,3.673189395042898,0.3433371298891492,2.912589152017618
1095,1.0950003084798725,3.6735334571991727,0.3428573413438463,2.916664978152285
1096,1.0960003084798726,3.6738775449271266,0.3423644921076265,2.920863649860155
1097,1.0970003084798725,3.674220820503576,0.34185926006551887,2.9251803792249054
1098,1.0980003084798726,3.6745632318706014,0.3413422401655686,2.9296110540405094
1099,1.0990003084798725,3.6749048824076715,0.34081374889987365,2.9341539278504465
1100,1.1000003084798726,3.6752455187572473,0.34027446566549263,2.9388041152140154
1101,1.1010003084798725,3.6755858447011183,0.33972529938853546,2.9435546949252216
1102,1.1020003084798726,3.6759257370992624,0.3391666995505529,2.9484026625407243
1103,1.1030003084798725,3.6762654043297247,0.338598809198148,2.953347657566037
1104,1.1040003084798726,3.676603543320242,0.33802243861204484,2.958383485149991
1105,1.1050003084798725,3.6769413996198628,0.3374385581354118,2.9635024684959292
1106,1.1060003084798726,3.6772787802382334,0.3368477344684236,2.968700387960427
1107,1.1070003084798725,3.6776149606911472,0.3362505694807965,2.9739726583782353
1108,1.1080003084798726,3.6779502827361155,0.3356479666569848,2.979311955796679
1109,1.1090003084798725,3.678285331731925,0.33504056676864336,2.9847131935236164
1110,1.1100003084798726,3.678619754512709,0.3344288603750742,2.9901725553185314
1111,1.1110003084798725,3.6789538121419048,0.33381377949124863,2.9956822079785246
1112,1.1120003084798726,3.6792867521981014,0.33319618859929584,3.001234810649672
1113,1.1130003084798725,3.6796197823260304,0.3325764974197118,3.006827024033509
1114,1.1140003084798726,3.6799514231706647,0.3319555472444249,3.0124515414820947
1115,1.1150003084798725,3.680282418516031,0.33133386303260526,3.018103826899196
1116,1.1160003084798726,3.6806131339610375,0.330712342566854,3.023775865873069
1117,1.1170003084798725,3.6809431879069927,0.33009165213355135,3.0294616465956894
1118,1.1180003084798726,3.6812723858209817,0.32947208247828413,3.0351585253536957
1119,1.1190003084798725,3.681601020519693,0.32885479116818717,3.040855802792811
1120,1.1200003084798726,3.681929240568219,0.3282404102314254,3.04654749637606
1121,1.1210003084798725,3.6822564178800223,0.32762997072128147,3.052223817614999
1122,1.1220003084798726,3.6825832593263432,0.327024156409981,3.0578780814782625
1123,1.1230003084798725,3.682909339075073,0.3264236207790312,3.063503791831715
1124,1.1240003084798726,3.6832347277198325,0.32582908850816655,3.069093691353883
1125,1.1250003084798725,3.6835601523844193,0.3252412498547348,3.074640748818418
1126,1.1260003084798726,3.6838843198424502,0.3246605657853683,3.080140015098402
1127,1.1270003084798725,3.6842085236909283,0.32408768191547016,3.085584722287668
1128,1.1280003084798726,3.684531799779876,0.3235231751588484,3.090968674837605
1129,1.1290003084798725,3.6848548236724974,0.3229673824785122,3.096287904759337
1130,1.1300003084798727,3.6851773637985046,0.32242088153037907,3.1015360892677735
1131,1.1310003084798725,3.6854988851522017,0.3218840888904852,3.1067083913558418
1132,1.1320003084798727,3.685819791466049,0.32135750630376236,3.111799103440741
1133,1.1330003084798725,3.686140332682714,0.3208416444360484,3.116802376941203
1134,1.1340003084798727,3.6864603146251773,0.32033700738736365,3.121712374589184
1135,1.1350003084798725,3.686779671013104,0.3198441899145238,3.126522324095502
1136,1.1360003084798727,3.6870984616325986,0.31936347853830777,3.131228419031795
1137,1.1370003084798725,3.687417137814597,0.31889512184480245,3.135827209318908
1138,1.1380003084798727,3.687734929059639,0.3184394413103706,3.140314515956391
1139,1.1390003084798725,3.6880516714992946,0.31799657872017634,3.144687920935018
1140,1.1400003084798727,3.6883685144274505,0.31756678515524245,3.1489439284752345
1141,1.1410003084798725,3.688684849769893,0.3171505901920058,3.15307627015479
1142,1.1420003084798727,3.6890001394481318,0.31674818313834874,3.157082039404222
1143,1.1430003084798726,3.6893153207517972,0.31635988165484064,3.160957055518923
1144,1.1440003084798727,3.689630088775961,0.31598580096511314,3.164699163524776
1145,1.1450003084798726,3.6899445802206037,0.31562644818525876,3.1683022945309203
1146,1.1460003084798727,3.6902592762673034,0.31528180334142286,3.17176566932119
1147,1.1470003084798726,3.690573485947522,0.3149518585578179,3.1750884232881043
1148,1.1480003084798724,3.6908879789697697,0.31463672624668376,3.1782685127990202
1149,1.1490003084798726,3.6912011310243438,0.3143367075657049,3.181302011286648
1150,1.1500003084798724,3.6915145459586625,0.3140518880921626,3.1841871929983014
1151,1.1510003084798726,3.691827477980586,0.31378222856440113,3.186923633550389
1152,1.1520003084798724,3.692140234074202,0.31352809696395667,3.189506808746906
1153,1.1530003084798726,3.6924530002275637,0.31328931515603514,3.191937776435004
1154,1.1540003084798724,3.6927650826995575,0.31306601573172427,3.194214477935958
1155,1.1550003084798726,3.693077214624027,0.3128584073488848,3.1963341131659204
1156,1.1560003084798725,3.693389533830938,0.31266609203522777,3.1983001210356097
1157,1.1570003084798726,3.6937015643392597,0.3124891338369476,3.2001112733788237
1158,1.1580003084798725,3.6940135276077024,0.3123275314866288,3.20176705281203
1159,1.1590003084798726,3.6943249628101587,0.3121811404696764,3.203268456561791
1160,1.1600003084798725,3.694636619242328,0.31204995684324305,3.2046150882896796
1161,1.1610003084798726,3.694948025270804,0.31193376635047027,3.2058087577362797
1162,1.1620003084798725,3.695259653552924,0.3118324810052484,3.2068500265793967
1163,1.1630003084798726,3.69557095691149,0.311745980632205,3.2077398334761233
1164,1.1640003084798725,3.695882048076464,0.31167413710178105,3.2084792446972834
1165,1.1650003084798726,3.6961933183820674,0.3116168017323328,3.209069583028975
1166,1.1660003084798725,3.696504588868283,0.31157360809152224,3.20951445831785
1167,1.1670003084798726,3.696815463187452,0.31154422236610085,3.209817188729256
1168,1.1680003084798725,3.6971265695319433,0.3115287932903041,3.2099761612344153
1169,1.1690003084798726,3.69743770950387,0.3115272781143699,3.209991773602803
1170,1.1700003084798725,3.6977486522429253,0.3115393834064813,3.209867044948372
1171,1.1710003084798726,3.6980600287452194,0.31156467152068834,3.209606516423023
1172,1.1720003084798725,3.698371694307345,0.3116031284418961,3.2092103984972273
1173,1.1730003084798726,3.6986835636744164,0.31165403586071316,3.2086861870350614
1174,1.1740003084798725,3.6989944586180066,0.3117175936884051,3.2080319502260957
1175,1.1750003084798726,3.6993056715385566,0.3117931348093139,3.2072547094777404
1176,1.1760003084798725,3.6996173210163708,0.31188036621282095,3.206357656120039
1177,1.1770003084798726,3.699929078276296,0.31197940050183676,3.2053398345898563
1178,1.1780003084798725,3.7002409523023534,0.3120899575169033,3.204204351707915
1179,1.1790003084798726,3.700552902612183,0.3122116286315105,3.202955650253039
1180,1.1800003084798725,3.700864734926624,0.3123437894700389,3.2016003958225765
1181,1.1810003084798726,3.7011767524458543,0.3124861344202249,3.2001419898369656
1182,1.1820003084798725,3.701488943575941,0.3126382735801721,3.19858470477244
1183,1.1830003084798726,3.701801546994607,0.312799567471345,3.19693536689947
1184,1.1840003084798725,3.7021146195846426,0.31296987035742313,3.195195751137204
1185,1.1850003084798726,3.702427328907308,0.3131487899722426,3.1933701550902995
1186,1.1860003084798725,3.7027405226395533,0.3133360522159438,3.1914616684798967
1187,1.1870003084798726,3.703054332190745,0.3135312111634105,3.1894751284547755
1188,1.1880003084798725,3.703367952353607,0.31373369271269463,3.187416663328417
1189,1.1890003084798726,3.7036819009277293,0.313943223001237,3.18528933493194
1190,1.1900003084798725,3.7039955877232282,0.3141590212880633,3.183101334795239
1191,1.1910003084798726,3.7043099381300704,0.31438092687435154,3.1808545446513983
1192,1.1920003084798725,3.704624117768512,0.31460838506100874,3.1785548239792796
1193,1.1930003084798726,3.7049385641251606,0.314841259763767,3.176203782027566
1194,1.1940003084798725,3.7052534809983158,0.31507894631160466,3.1738077447136908
1195,1.1950003084798726,3.705568197688788,0.3153210996067781,3.1713703943283598
1196,1.1960003084798725,3.705883591307849,0.31556746040963213,3.16889453273135
1197,1.1970003084798726,3.7061988712769485,0.31581766680468637,3.166383977557652
1198,1.1980003084798725,3.7065148191333015,0.3160715044425197,3.1638410484481323
1199,1.1990003084798726,3.7068308529733196,0.31632869069703984,3.161268735366589
1200,1.2000003084798725,3.70714712219318,0.3165885601465588,3.158673830592832
1201,1.2010003084798726,3.707463781278062,0.3168508071795402,3.156059499742289
1202,1.2020003084798725,3.7077804793819036,0.31711511401975734,3.153429009812811
1203,1.2030003084798726,3.7080978931095894,0.31738099006144976,3.1507873228525276
1204,1.2040003084798725,3.70841520197575,0.31764838932866435,3.1481349617841765
1205,1.2050003084798726,3.7087328673848496,0.3179170070404569,3.145475007169855
1206,1.2060003084798725,3.7090511596449653,0.31818623789627914,3.1428134875084552
1207,1.2070003084798726,3.7093692709051367,0.31845578300754007,3.140153369349625
1208,1.2080003084798725,3.709688030697278,0.3187256056093541,3.137495018914952
1209,1.2090003084798726,3.710007617284515,0.31899542206103,3.134841226055842
1210,1.2100003084798725,3.7103270391072,0.3192647908425056,3.132196310658332
1211,1.2110003084798726,3.7106470333112123,0.3195335397675622,3.129561925572597
1212,1.2120003084798725,3.710967114331988,0.3198014462741477,3.1269402050882427
1213,1.2130003084798726,3.7112878034662424,0.32006835875549644,3.1243325766040826
1214,1.2140003084798725,3.711608365605679,0.3203341463166844,3.121740256224179
1215,1.2150003084798726,3.711929585058399,0.32059871375907883,3.119164104792612
1216,1.2160003084798725,3.7122515112449244,0.32086142650708527,3.116610216709605
1217,1.2170003084798726,3.7125736273602037,0.3211221515993216,3.1140797824740054
1218,1.2180003084798725,3.7128956413430787,0.3213806481152698,3.111575030620168
1219,1.2190003084798726,3.7132180553077636,0.3216368223256434,3.109096753193088
1220,1.2200003084798725,3.713540509704832,0.3218905806958269,3.106645736070662
1221,1.2210003084798726,3.7138631421944814,0.3221419888512435,3.104221227310337
1222,1.2220003084798725,3.7141858702602346,0.32239077287519646,3.1018257473116915
1223,1.2230003084798726,3.7145091852813,0.322636453133085,3.0994637781599588
1224,1.2240003084798725,3.7148325322430797,0.32287901757142906,3.0971352908640912
1225,1.2250003084798726,3.71515647802516,0.3231183997805496,3.0948407787336283
1226,1.2260003084798725,3.7154809057813867,0.32335443498096744,3.09258167452956
1227,1.2270003084798726,3.7158050560311926,0.32358733359555497,3.0903558210652307
1228,1.2280003084798725,3.7161296704427387,0.32381683626441266,3.088165555368004
1229,1.2290003084798726,3.7164539895523507,0.32404302174114313,3.0860099829547782
1230,1.2300003084798725,3.7167789373502864,0.3242656728275523,3.0838910307099017
1231,1.2310003084798726,3.717103821555493,0.3244848350721121,3.0818081214111723
1232,1.2320003084798725,3.7174288702351475,0.3247003140696911,3.0797629588537077
1233,1.2330003084798726,3.7177543974153124,0.3249119106984595,3.0777572845831083
1234,1.2340003084798725,3.718080051944689,0.32511966044700324,3.0757906139084654
1235,1.2350003084798726,3.7184054217302207,0.32532332480852977,3.0738650559057015
1236,1.2360003084798725,3.718731447135066,0.3255231864653927,3.0719777932203085
1237,1.2370003084798726,3.7190570181794627,0.3257191210056528,3.070129861926789
1238,1.2380003084798725,3.719383196998088,0.3259113586620438,3.06831895674111
1239,1.2390003084798726,3.719709668036757,0.32609990679598694,3.0665448813685656
1240,1.2400003084798725,3.7200364974399838,0.3262846997377861,3.064808128617846
1241,1.2410003084798726,3.7203624767840853,0.32646587316941766,3.0631073021254367
1242,1.2420003084798725,3.7206892138683156,0.3266437541153669,3.0614392205607928
1243,1.2430003084798726,3.7210160976416584,0.3268182000866348,3.0598051140815117
1244,1.2440003084798725,3.721343242429564,0.32698980836262354,3.0581992906978464
1245,1.2450003084798726,3.7216703192727776,0.3271587778360577,3.0566198058763665
1246,1.2460003084798725,3.7219975123174467,0.32732497666232974,3.0550678111912175
1247,1.2470003084798726,3.7223250753193002,0.32748825755429567,3.0535445987226146
1248,1.2480003084798725,3.7226525892273576,0.3276488270813237,3.052048160550247
1249,1.2490003084798726,3.7229805124425703,0.327807077867578,3.0505747664300378
1250,1.2500003084798725,3.7233083282298307,0.32796311770294073,3.049123349613265
1251,1.2510003084798726,3.7236363646275614,0.32811706358610243,3.0476927626703154
1252,1.2520003084798725,3.7239645718016225,0.3282691133620595,3.0462811129509615
1253,1.2530003084798726,3.7242930819569695,0.3284192446486307,3.0448885572155806
1254,1.2540003084798725,3.7246218172350725,0.3285674615293584,3.04351500707153
1255,1.2550003084798727,3.7249502192245996,0.3287140733897525,3.0421575495318436
1256,1.2560003084798725,3.725278836866471,0.3288592523377723,3.0408145517915885
1257,1.2570003084798727,3.725608052802086,0.32900328333086376,3.039483344591261
1258,1.2580003084798725,3.725937075944051,0.3291461486716059,3.0381640618791352
1259,1.2590003084798727,3.7262667265423075,0.3292880212925821,3.0368550792543725
1260,1.2600003084798725,3.726596470180661,0.3294290180978786,3.035555294351404
1261,1.2610003084798727,3.7269264570810314,0.3295692326629026,3.0342638234766364
1262,1.2620003084798725,3.7272563978251583,0.3297091770008794,3.03297593684307
1263,1.2630003084798727,3.7275866626027856,0.3298486578975168,3.0316934025867637
1264,1.2640003084798725,3.727916746395824,0.3299878242885572,3.030414840777737
1265,1.2650003084798727,3.728247106410686,0.3301270529276656,3.029136785766875
1266,1.2660003084798725,3.7285772078780117,0.33026660796294893,3.0278568159460595
1267,1.2670003084798727,3.7289072378590404,0.33040671409435884,3.026572879249712
1268,1.2680003084798726,3.729237095459165,0.3305474864969046,3.025283933022327
1269,1.2690003084798727,3.7295673346168434,0.3306892851426426,3.023986699685932
1270,1.2700003084798726,3.7298979633889444,0.33083218504870393,3.022680516566983
1271,1.2710003084798727,3.7302285826686523,0.3309765365593965,3.021362210129181
1272,1.2720003084798726,3.7305594938388023,0.3311221672232708,3.0200333864259674
1273,1.2730003084798727,3.730890040639823,0.3312693648740344,3.018691451834827
1274,1.2740003084798726,3.731220907748139,0.3314183819507389,3.017334144575714
1275,1.2750003084798727,3.7315523155318995,0.3315696058847427,3.0159579836386183
1276,1.2760003084798726,3.7318832861215516,0.33172316844288263,3.014561824831309
1277,1.2770003084798724,3.732214572263795,0.3318793982773767,3.0131427415817607
1278,1.2780003084798726,3.732546370697668,0.33203818255786,3.0117018238579925
1279,1.2790003084798724,3.732878227100485,0.3321994262697055,3.01023999718808
1280,1.2800003084798726,3.7332102554588986,0.3323632768165933,3.0087559900663337
1281,1.2810003084798725,3.7335430068449162,0.3325300429945513,3.0072470775712303
1282,1.2820003084798726,3.7338756029617937,0.3326997920716302,3.0057127291041414
1283,1.2830003084798725,3.734208502697749,0.3328725904368962,3.004152425669825
1284,1.2840003084798726,3.7345410504257943,0.33304847986281316,3.0025658739289622
1285,1.2850003084798725,3.7348741488923713,0.33322759542051145,3.0009519431848535
1286,1.2860003084798726,3.7352073397124594,0.3334100446534242,2.9993097569675444
1287,1.2870003084798725,3.7355402149307126,0.33359585353999754,2.997639177430908
1288,1.2880003084798726,3.735874076329481,0.3337850833113117,2.9959397528478795
1289,1.2890003084798725,3.736207590556148,0.33397755652340483,2.994213175309344
1290,1.2900003084798726,3.73654127326861,0.3341737290573868,2.992455459681789
1291,1.2910003084798725,3.7368753718502687,0.33437366506589106,2.990666145322604
1292,1.2920003084798726,3.7372098339133415,0.33457751803884295,2.9888439781058587
1293,1.2930003084798725,3.737544612556387,0.33478521291171476,2.98698975173586
1294,1.2940003084798726,3.737879570452184,0.33499654042986265,2.985105454273691
1295,1.2950003084798725,3.7382143314476415,0.33521144653703266,2.983191684922145
1296,1.2960003084798726,3.7385489966347834,0.3354296951207422,2.9812506601123587
1297,1.2970003084798725,3.7388843742269184,0.33565166151836684,2.9792791594606185
1298,1.2980003084798726,3.7392196465747465,0.3358772370920253,2.9772782718407766
1299,1.2990003084798725,3.7395554288646786,0.33610641002525443,2.975248225479728
1300,1.3000003084798726,3.7398912536184565,0.3363392561141951,2.973188475092769
1301,1.3010003084798725,3.7402271921034895,0.33657580881366533,2.971098854444464
1302,1.3020003084798726,3.7405638663800915,0.3368160375257689,2.9689797651737195
1303,1.3030003084798725,3.740900769541737,0.33705971565112736,2.966833334171109
1304,1.3040003084798726,3.74123828661892,0.3373069337508272,2.964658890583946
1305,1.3050003084798725,3.7415755992054693,0.33755796403351274,2.9624541754278386
1306,1.3060003084798726,3.7419137322780887,0.3378125861896547,2.960221261378876
1307,1.3070003084798725,3.7422516948124294,0.33807067169395727,2.9579614078599
1308,1.3080003084798726,3.7425899893096966,0.3383323138495913,2.9556739308222246
1309,1.3090003084798725,3.7429291077565647,0.3385973125825778,2.9533607114974307
1310,1.3100003084798726,3.7432679162738647,0.3388657089028651,2.95102152188154
1311,1.3110003084798725,3.7436064643043534,0.3391376295435543,2.9486553920480634
1312,1.3120003084798726,3.7439454664580727,0.33941291703681714,2.9462638273472868
1313,1.3130003084798725,3.7442850230552653,0.3396914268116637,2.943848213615451
1314,1.3140003084798726,3.7446244046009163,0.3399729460600599,2.9414105198339495
1315,1.3150003084798725,3.744964026843995,0.3402575958037014,2.9389498201736304
1316,1.3160003084798726,3.7453045704048926,0.34054514381849227,2.9364682426157036
1317,1.3170003084798725,3.7456450821937013,0.3408351588524871,2.9339696155959025
1318,1.3180003084798726,3.745985603539039,0.34112792113093027,2.931451628716678
1319,1.3190003084798725,3.74632681329238,0.34142342265616576,2.9289144611705833
1320,1.3200003084798726,3.7466681649499773,0.34172156508845203,2.9263590658703604
1321,1.3210003084798725,3.747009756918938,0.3420223684323829,2.923785378667998
1322,1.3220003084798726,3.7473517636473095,0.34232590335350854,2.921192904783876
1323,1.3230003084798725,3.7476940056656014,0.342632001370536,2.918583191295549
1324,1.3240003084798726,3.7480366015792184,0.34294045606963036,2.915958097976521
1325,1.3250003084798725,3.748379359656508,0.3432514350881358,2.9133162975508973
1326,1.3260003084798726,3.7487221032698543,0.34356492470103356,2.9106580098948958
1327,1.3270003084798725,3.749065422266164,0.3438808449635059,2.9079840143644065
1328,1.3280003084798726,3.7494089302390394,0.34419923903976857,2.905294046523039
1329,1.3290003084798725,3.7497533863297083,0.34451999133962774,2.9025891824495034
1330,1.3300003084798726,3.7500979084945083,0.3448427534275208,2.8998724492848607
1331,1.3310003084798725,3.7504425779564463,0.34516755925482245,2.897143642811875
1332,1.3320003084798726,3.7507880455730405,0.34549434798289225,2.8944033551874973
1333,1.3330003084798725,3.7511340401334428,0.3458232012409627,2.891650983541789
1334,1.3340003084798726,3.7514802729134944,0.34615369831884574,2.8888901226728763
1335,1.3350003084798725,3.7518266344684106,0.34648584968184326,2.8861207489952005
1336,1.3360003084798726,3.752173516779703,0.34681974793487286,2.8833421567095536
1337,1.3370003084798725,3.75252049017966,0.34715548396912954,2.8805536601833546
1338,1.3380003084798726,3.75286791292001,0.347493330988164,2.877753069839666
1339,1.3390003084798725,3.753215917601753,0.34783307941645797,2.874942204110229
1340,1.3400003084798726,3.7535638940192215,0.3481744606703921,2.8721233546956637
1341,1.3410003084798725,3.7539129530030144,0.34851731614382797,2.8692978904592352
1342,1.3420003084798726,3.7542619545582965,0.3488619355969578,2.8664634858739815
1343,1.3430003084798725,3.7546115878210595,0.34920825286536955,2.863620752930861
1344,1.3440003084798726,3.7549614253386645,0.349556195952217,2.8607703470279677
1345,1.3450003084798725,3.755311176974882,0.3499058693221904,2.8579114775557204
1346,1.3460003084798726,3.7556614174801677,0.35025732775434604,2.855043765712028
1347,1.3470003084798725,3.7560122466122876,0.35061015614473506,2.852170658705023
1348,1.3480003084798726,3.7563633656124504,0.3509644639464058,2.849291317860333
1349,1.3490003084798725,3.7567149312793933,0.351320178880524,2.8464063840183718
1350,1.3500003084798726,3.7570666283067253,0.35167700763267606,2.843518280400328
1351,1.3510003084798725,3.7574187807282575,0.35203478206990674,2.8406284007510965
1352,1.3520003084798726,3.75777113491592,0.352393478487912,2.8377369646308663
1353,1.3530003084798725,3.7581242110199327,0.35275268810199145,2.834847284596368
1354,1.3540003084798726,3.7584774568495907,0.3531126677200095,2.8319573082915315
1355,1.3550003084798725,3.75883027839771,0.3534735171530494,2.829066256658241
1356,1.3560003084798726,3.759183869440701,0.3538351322767563,2.82617498597578
1357,1.3570003084798725,3.759537773047121,0.35419735760594834,2.823284755027789
1358,1.3580003084798726,3.759892490263435,0.3545599715229315,2.8203973384382
1359,1.3590003084798725,3.7602470699461903,0.3549230112859609,2.8175124412947734
1360,1.3600003084798726,3.7606018926578195,0.3552862397256778,2.8146319451384216
1361,1.3610003084798725,3.76095718760143,0.35564961969698494,2.811756134737342
1362,1.3620003084798726,3.761312741791879,0.3560131163854012,2.8088852740960597
1363,1.3630003084798725,3.7616689453170857,0.35637648934344474,2.8060212441126744
1364,1.3640003084798726,3.7620252285014857,0.3567395716505429,2.8031653325512935
1365,1.3650003084798725,3.762382080180803,0.35710247276461005,2.8003166493309792
1366,1.3660003084798726,3.7627389833297693,0.35746519914809577,2.7974751175308277
1367,1.3670003084798725,3.76309656982047,0.35782777910700275,2.7946404901698974
1368,1.3680003084798726,3.7634544765828726,0.35819003588748377,2.791814120463486
1369,1.3690003084798725,3.7638123868294255,0.35855204972356364,2.7889953516399633
1370,1.3700003084798726,3.764170906821605,0.35891390397943507,2.7861835078345076
1371,1.3710003084798725,3.764529703980008,0.35927534968114255,2.7833804932275528
1372,1.3720003084798726,3.7648889416802382,0.3596366367418321,2.780584339403267
1373,1.3730003084798725,3.765248380611771,0.3599976252093814,2.7777961019003423
1374,1.3740003084798726,3.765608274567401,0.3603581528625115,2.7750169992172564
1375,1.3750003084798725,3.7659682230525364,0.3607181203806525,2.7722477566270776
1376,1.3760003084798726,3.766329118926324,0.361077478696761,2.769488708100283
1377,1.3770003084798725,3.7666901394364087,0.36143640792617976,2.7667384305242466
1378,1.3780003084798726,3.7670514490421967,0.3617944087314496,2.7640007027921585
1379,1.3790003084798725,3.767412884066493,0.36215144302451774,2.761275757038195
1380,1.3800003084798727,3.7677751349075557,0.3625076830202657,2.7585622232014755
1381,1.3810003084798725,3.7681376450406256,0.3628635695663495,2.755856701721472
1382,1.3820003084798727,3.768500419424637,0.3632187111382115,2.7531621288625776
1383,1.3830003084798725,3.768864002717549,0.36357286350721124,2.7504803035999017
1384,1.3840003084798727,3.76922751203661,0.3639261964137118,2.747809885230682
1385,1.3850003084798725,3.7695919969648135,0.3642786656619156,2.7451511555938684
1386,1.3860003084798727,3.7699570627286,0.36463014904309354,2.7425049810727957
1387,1.3870003084798725,3.7703225283989603,0.36498081722577713,2.739870022761772
1388,1.3880003084798727,3.7706878001409354,0.36533086880655263,2.7372447427362423
1389,1.3890003084798725,3.7710540210016523,0.3656801030196709,2.7346306012887096
1390,1.3900003084798727,3.771420305546447,0.3660286125860555,2.732026856957512
1391,1.3910003084798725,3.7717867921238333,0.36637652257286635,2.729432532896854
1392,1.3920003084798727,3.7721536587938123,0.3667237045590911,2.72684854447108
1393,1.3930003084798726,3.772521014892384,0.36707011272474804,2.7242751870399813
1394,1.3940003084798727,3.772889202980425,0.36741559016426545,2.7217135765875273
1395,1.3950003084798726,3.7732571946606464,0.36776054613422554,2.7191606345804673
1396,1.3960003084798727,3.773625542685149,0.3681051011275971,2.7166154365607875
1397,1.3970003084798726,3.773994224949698,0.36844897403531723,2.714080023205998
1398,1.3980003084798727,3.774362803355382,0.3687922700575788,2.7115535795906784
1399,1.3990003084798726,3.7747320813958627,0.36913474999896684,2.709037824270944
1400,1.4000003084798727,3.775101420961668,0.3694768413927782,2.706529579040474
1401,1.4010003084798726,3.7754712339425893,0.36981841663096493,2.7040297481936433
1402,1.4020003084798727,3.775840916219037,0.37015898984435613,2.7015418440072967
1403,1.4030003084798726,3.7762115313439466,0.3704986946867959,2.6990648397435195
1404,1.4040003084798724,3.7765822745397384,0.3708374948833964,2.696598951825066
1405,1.4050003084798726,3.7769535617688863,0.3711754790840789,2.6941434883242366
1406,1.4060003084798725,3.7773250780189853,0.37151260668469516,2.691698698797335
1407,1.4070003084798726,3.777696929720726,0.37184883028676635,2.689264880109504
1408,1.4080003084798725,3.778068902968596,0.37218401146270813,2.6868429841194224
1409,1.4090003084798726,3.778441436719932,0.3725181564665793,2.6844329132443656
1410,1.4100003084798725,3.778814447432927,0.37285107239484394,2.6820360032142117
1411,1.4110003084798726,3.779187285245603,0.3731826329570642,2.6796531019573275
1412,1.4120003084798725,3.779560885089726,0.3735128842238815,2.6772838159997865
1413,1.4130003084798726,3.779934433298852,0.3738417937688896,2.674928316383491
1414,1.4140003084798725,3.7803081474089937,0.37416914533420725,2.6725880860828375
1415,1.4150003084798726,3.7806822006633536,0.3744948963538927,2.670263359357008
1416,1.4160003084798725,3.781056866653196,0.3748191526650952,2.667953312656652
1417,1.4170003084798726,3.7814314699507205,0.3751420462016677,2.6656569428168635
1418,1.4180003084798725,3.781806537190356,0.3754635087512583,2.6633746734159787
1419,1.4190003084798726,3.782181994000361,0.3757835317673734,2.6611065027166867
1420,1.4200003084798725,3.7825575454822724,0.37610209906237,2.6588524831236513
1421,1.4210003084798726,3.782933314926426,0.37641914260351417,2.6566130327046342
1422,1.4220003084798725,3.7833099210444536,0.3767343728040136,2.6543901278692834
1423,1.4230003084798726,3.783686684676994,0.3770476260242294,2.652184846101482
1424,1.4240003084798725,3.7840632024635052,0.3773593392674039,2.6499940400080604
1425,1.4250003084798726,3.7844402503933057,0.37766977409180863,2.6478158131789167
1426,1.4260003084798725,3.78481784919013,0.37797876054802526,2.6456513020734715
1427,1.4270003084798726,3.7851955716658847,0.37828614294228924,2.6435015362234893
1428,1.4280003084798725,3.7855738795932767,0.3785920373642149,2.641365642452684
1429,1.4290003084798726,3.7859528847728767,0.37889656762446805,2.639242699583175
1430,1.4300003084798725,3.786331773303898,0.37919946845924013,2.637134498271295
1431,1.4310003084798726,3.786710865430036,0.37950078766202505,2.6350406442122534
1432,1.4320003084798725,3.7870901945132736,0.3798004270205841,2.6329617579545346
1433,1.4330003084798726,3.787470205362566,0.3800982277735573,2.6308988754237177
1434,1.4340003084798725,3.7878506877155242,0.38039456781691233,2.628849317536285
1435,1.4350003084798726,3.7882316136213365,0.38068938518792167,2.626813457134784
1436,1.4360003084798725,3.7886126735309475,0.38098284181760184,2.6247901223823535
1437,1.4370003084798726,3.788994453129884,0.3812748487591641,2.622779874556214
1438,1.4380003084798725,3.789376040773424,0.38156531116203296,2.62078331217941
1439,1.4390003084798726,3.7897578892425945,0.38185453232586314,2.6187982997321875
1440,1.4400003084798725,3.790140762731467,0.3821422938397384,2.616826287276584
1441,1.4410003084798726,3.790522870361273,0.38242851210647855,2.6148677944848755
1442,1.4420003084798725,3.7909054843890826,0.3827135823472539,2.6129200690156154
1443,1.4430003084798726,3.7912882996355726,0.3829976490991632,2.61098208396858
1444,1.4440003084798725,3.791671693070055,0.38328092788530516,2.609052335364949
1445,1.4450003084798726,3.792054922981482,0.38356358217075304,2.607129681969715
1446,1.4460003084798725,3.7924385292195364,0.3838454309040948,2.605215327546399
1447,1.4470003084798726,3.792822832546881,0.3841264411727822,2.6033094648389343
1448,1.4480003084798725,3.7932068682164366,0.38440670770325686,2.6014114217069046
1449,1.4490003084798726,3.793591579402571,0.3846863343325531,2.599520468370788
1450,1.4500003084798725,3.793976171095287,0.3849653784863461,2.5976361924594937
1451,1.4510003084798726,3.7943615756913704,0.3852441308695718,2.5957566121586413
1452,1.4520003084798725,3.7947474255629454,0.3855225924991483,2.5938817061731845
1453,1.4530003084798726,3.795133322419438,0.3858008363430778,2.5920109699055667
1454,1.4540003084798725,3.7955197607331495,0.3860788489977299,2.590144481097642
1455,1.4550003084798726,3.795906185841155,0.386356159244033,2.588285384026641
1456,1.4560003084798725,3.7962929694673617,0.38663295115635155,2.5864324212645995
1457,1.4570003084798726,3.796680028616394,0.3869091949292116,2.584585771302123
1458,1.4580003084798725,3.7970671059705885,0.3871851920511092,2.582743401684634
1459,1.4590003084798726,3.7974546128043567,0.3874606139168426,2.58090748861153
1460,1.4600003084798725,3.7978421430640545,0.38773546037497103,2.579078011159775
1461,1.4610003084798726,3.7982301594889,0.38800993474053547,2.577253597046957
1462,1.4620003084798725,3.798618497288025,0.38828413259187317,2.575433596332672
1463,1.4630003084798726,3.7990071432499084,0.3885580311402031,2.573618146729724
1464,1.4640003084798725,3.7993958854168217,0.3888314462610421,2.5718084522635283
1465,1.4650003084798726,3.7997848824789298,0.3891046018763432,2.570003015070478
1466,1.4660003084798725,3.8001744473251255,0.3893773091703452,2.5682030679464143
1467,1.4670003084798726,3.800564160739971,0.3896496606206711,2.566407984051891
1468,1.4680003084798725,3.800954191602095,0.389921723769463,2.564617304039308
1469,1.4690003084798726,3.801343736749793,0.39019342475652447,2.5628314998490476
1470,1.4700003084798725,3.8017341717647932,0.3904647687429738,2.5610505224819837
1471,1.4710003084798726,3.8021249876355054,0.39073598130715265,2.5592728794892134
1472,1.4720003084798725,3.8025157349035825,0.39100706157097637,2.5574985678832247
1473,1.4730003084798726,3.80290666197034,0.39127780952206787,2.5557288853703843
1474,1.4740003084798725,3.8032976998182555,0.39154832401190637,2.5539631730605787
1475,1.4750003084798726,3.8036890964297623,0.3918182848612044,2.552203505138191
1476,1.4760003084798725,3.8040809429420888,0.3920877242209879,2.550449652528222
1477,1.4770003084798726,3.8044731782776924,0.3923567886396693,2.5487006442964217
1478,1.4780003084798725,3.8048653000409924,0.392625629847587,2.5469554812002193
1479,1.4790003084798726,3.8052581085842077,0.39289426596826743,2.5452140349657486
1480,1.4800003084798725,3.8056508848109027,0.39316254755231317,2.543477262078079
1481,1.4810003084798726,3.806043970571294,0.3934305432910513,2.5417447045035897
1482,1.4820003084798725,3.806437171482541,0.3936983287415239,2.540015862390245
1483,1.4830003084798726,3.8068309710662884,0.39396583671165614,2.5382911583064516
1484,1.4840003084798725,3.807225215176501,0.3942332137282485,2.536569637405834
1485,1.4850003084798726,3.807619668269941,0.394500336540156,2.5348520834486297
1486,1.4860003084798725,3.8080138420338447,0.3947674440865672,2.533136951842243
1487,1.4870003084798726,3.808408384139666,0.39503440733270656,2.5314250643432645
1488,1.4880003084798725,3.8088032067969855,0.39530128478106663,2.5297160381197323
1489,1.4890003084798726,3.8091983288406097,0.3955680858890867,2.5280098058274345
1490,1.4900003084798725,3.8095934887029106,0.39583502131549947,2.526305016359207
1491,1.4910003084798726,3.8099894437996498,0.39610200084653696,2.5246022435201816
1492,1.4920003084798725,3.8103857349099446,0.3963689115608786,2.5229022025517995
1493,1.4930003084798726,3.810781746387633,0.3966358074316366,2.5212045439754154
1494,1.4940003084798725,3.8111782698257106,0.39690310047265603,2.519506647363399
1495,1.4950003084798726,3.811575049158208,0.3971707756971463,2.5178086132966833
1496,1.4960003084798725,3.811972210636314,0.3974388820463372,2.5161101371138885
1497,1.4970003084798726,3.81236905231412,0.3977075090643697,2.5144106591111615
1498,1.4980003084798725,3.812766695835408,0.39797658379737694,2.5127106485971877
1499,1.4990003084798726,3.813164975891476,0.3982460249806548,2.511010624772905
1500,1.5000003084798725,3.813563202960146,0.39851584636068754,2.5093105057983642
1501,1.5010003084798726,3.813962067286245,0.3987862405300746,2.5076090856865574
1502,1.5020003084798725,3.814361361056904,0.39905733791118647,2.505905555413088
1503,1.5030003084798726,3.814760568027602,0.3993289312858421,2.504201227744738
1504,1.5040003084798725,3.8151599671283902,0.39960104089705994,2.5024959838821017
1505,1.5050003084798727,3.8155599400840963,0.3998738131548305,2.5007889166595705
1506,1.5060003084798725,3.8159599696282287,0.4001474908061328,2.4990785222354157
1507,1.5070003084798727,3.8163604793047523,0.40042185835290184,2.497366163059647
1508,1.5080003084798725,3.816761339881464,0.4006970683887286,2.4956509016179504
1509,1.5090003084798727,3.817162728254708,0.4009730250989432,2.493933350636847
1510,1.5100003084798725,3.8175646435405075,0.40124974066135993,2.4922134487906455
1511,1.5110003084798727,3.8179663297157433,0.4015274410354948,2.4904898091674896
1512,1.5120003084798725,3.8183684080356257,0.4018062883527401,2.4887614479595053
1513,1.5130003084798727,3.8187706062767943,0.40208650681656655,2.4870270030130706
1514,1.5140003084798725,3.8191730570132782,0.4023682749744376,2.485285401945593
1515,1.5150003084798727,3.819575701001761,0.4026516218229496,2.48353650103938
1516,1.5160003084798725,3.8199789783797233,0.40293631156297366,2.4817817885934392
1517,1.5170003084798727,3.820382555646282,0.4032222034583972,2.480022160047483
1518,1.5180003084798726,3.8207866716063994,0.4035095976807974,2.4782557979973148
1519,1.5190003084798727,3.8211906864123355,0.40379837957817205,2.476483439692477
1520,1.5200003084798726,3.82159483772458,0.4040885419265048,2.4747051604890076
1521,1.5210003084798727,3.8219993337550813,0.4043800864240864,2.472920980958661
1522,1.5220003084798726,3.8224038618051672,0.4046728755779747,2.471131771734758
1523,1.5230003084798727,3.82280885602114,0.40496668941314345,2.4693389015505143
1524,1.5240003084798726,3.823214533879154,0.40526150748388473,2.4675425164571423
1525,1.5250003084798727,3.8236197456955052,0.40555741269845846,2.465742133391909
1526,1.5260003084798726,3.8240256908015207,0.4058544772965763,2.4639373370008544
1527,1.5270003084798727,3.8244315232285726,0.4061525140219823,2.4621292875854923
1528,1.5280003084798726,3.824837599922556,0.4064514647962025,2.4603183568335933
1529,1.5290003084798727,3.825244353569247,0.4067514178897149,2.4585040297785423
1530,1.5300003084798726,3.8256512761774126,0.4070522396660677,2.4566871338685354
1531,1.5310003084798727,3.826058232807401,0.40735403044268786,2.4548670818679765
1532,1.5320003084798726,3.826465214510928,0.4076568076514962,2.4530437888698158
1533,1.5330003084798725,3.826872646346342,0.4079604399288361,2.451218064610476
1534,1.5340003084798726,3.827280070914591,0.40826481347965776,2.449390608700659
1535,1.5350003084798725,3.827688207024294,0.4085699450874653,2.4475613344146576
1536,1.5360003084798726,3.8280965536559273,0.4088758775567853,2.445729999958529
1537,1.5370003084798725,3.8285053115837218,0.40918240611916373,2.4438978437131924
1538,1.5380003084798726,3.8289141597400382,0.40948962800282407,2.442064295687371
1539,1.5390003084798725,3.829323623017053,0.40979782266906056,2.4402277042051725
1540,1.5400003084798726,3.8297331498166334,0.4101063724903214,2.438391761453549
1541,1.5410003084798725,3.8301431431951642,0.41041521322754193,2.4365568521105994
1542,1.5420003084798726,3.830553303818245,0.41072478104593646,2.434720392213582
1543,1.5430003084798725,3.8309637792988984,0.4110351179759569,2.432882146236697
1544,1.5440003084798726,3.831374799774429,0.4113464286902348,2.431040918925911
1545,1.5450003084798725,3.8317862628777237,0.41165844928678585,2.429198287397085
1546,1.5460003084798726,3.8321978882889582,0.4119711946346939,2.427354176756769
1547,1.5470003084798725,3.832609677040128,0.41228460747589873,2.425508936950691
1548,1.5480003084798726,3.8330214417887434,0.412598872112103,2.4236614968940104
1549,1.5490003084798725,3.833433940653304,0.41291444096221813,2.4218092195315117
1550,1.5500003084798726,3.8338470753956115,0.41323139732050224,2.419951645698403
1551,1.5510003084798725,3.8342598115694635,0.4135495104060283,2.4180901556821746
1552,1.5520003084798726,3.8346732793939067,0.41386901755739514,2.4162233885055686
1553,1.5530003084798725,3.835087432819654,0.41418972346426103,2.414352513712925
1554,1.5540003084798726,3.8355018120657207,0.41451155293850883,2.412477994668453
1555,1.5550003084798725,3.8359161139878886,0.41483465393697105,2.410598995309436
1556,1.5560003084798726,3.8363314363402585,0.41515929461818113,2.408713987530238
1557,1.5570003084798725,3.836746802247136,0.41548563839990654,2.406822059725434
1558,1.5580003084798726,3.83716258025094,0.4158134224205694,2.4049247717370754
1559,1.5590003084798725,3.83757878429818,0.4161427448296543,2.4030215891649016
1560,1.5600003084798726,3.8379954138355603,0.41647387938389396,2.4011109687823375
1561,1.5610003084798725,3.8384123571301334,0.4168069031399464,2.399192509688933
1562,1.5620003084798726,3.8388299732736417,0.4171418579910443,2.3972660159687673
1563,1.5630003084798725,3.8392477017974316,0.41747868823304596,2.3953318533035572
1564,1.5640003084798726,3.839666009699063,0.41781738755449177,2.393390102439382
1565,1.5650003084798725,3.8400842967950664,0.41815816918621646,2.3914395883885615
1566,1.5660003084798726,3.8405031276432595,0.41850147614584343,2.3894778322156034
1567,1.5670003084798725,3.840922366922379,0.4188474447050922,2.38750412027485
1568,1.5680003084798726,3.8413418521549927,0.41919586352064664,2.385519722454864
1569,1.5690003084798725,3.8417620268055135,0.4195466433440506,2.383525207184048
1570,1.5700003084798726,3.842182516206752,0.419899928304078,2.3815198160163344
1571,1.5710003084798725,3.842603213569897,0.4202555025477722,2.379504834410409
1572,1.5720003084798726,3.843024697184683,0.4206135570403299,2.3774792401760756
1573,1.5730003084798725,3.843446099698396,0.4209741483794524,2.375442776829689
1574,1.5740003084798726,3.843867733404627,0.42133743129330625,2.3733946374773156
1575,1.5750003084798725,3.8442896376188807,0.4217034662282685,2.3713345516081175
1576,1.5760003084798726,3.844711824476279,0.42207249952375264,2.369261207798078
1577,1.5770003084798725,3.8451343369460926,0.4224443317358137,2.3671758025276937
1578,1.5780003084798726,3.845557536122779,0.4228190017180101,2.365078191700874
1579,1.5790003084798725,3.8459804981925183,0.42319664733357476,2.362967680156912
1580,1.5800003084798726,3.846404521162614,0.42357722755902205,2.360844575528221
1581,1.5810003084798725,3.846828358775518,0.42396094737069023,2.358707815429165
1582,1.5820003084798726,3.8472524922462883,0.42434771542121236,2.356557991616353
1583,1.5830003084798725,3.8476765580362033,0.42473755430583227,2.354395060814307
1584,1.5840003084798726,3.8481014254494257,0.4251307098101819,2.3522177460350804
1585,1.5850003084798725,3.848526611287802,0.4255268564713929,2.35002793546881
1586,1.5860003084798726,3.848952217378894,0.4259259288461981,2.3478260708591425
1587,1.5870003084798725,3.849378321681732,0.4263282336229018,2.3456105440216413
1588,1.5880003084798726,3.8498044731918646,0.4267337572223151,2.343381518512094
1589,1.5890003084798725,3.8502312436874937,0.42714243953009334,2.341139412651473
1590,1.5900003084798726,3.850658286579821,0.4275543551796371,2.3388839053688266
1591,1.5910003084798725,3.851085511928502,0.4279693907356636,2.336615705812598
1592,1.5920003084798726,3.8515134509068587,0.42838810583342385,2.33433185091475
1593,1.5930003084798725,3.851941700778935,0.42881048466445526,2.3320325312999315
1594,1.5940003084798726,3.8523702163206766,0.42923656741119853,2.32971763340476
1595,1.5950003084798725,3.8527991652960445,0.4296666578205158,2.32738561812662
1596,1.5960003084798726,3.853228527849623,0.4301008889350016,2.3250358828045194
1597,1.5970003084798725,3.85365867342191,0.43053952332483963,2.322667132340149
1598,1.5980003084798726,3.854089134726941,0.4309827398387587,2.3202785345281454
1599,1.5990003084798725,3.8545201614231024,0.43143046248906547,2.3178706348890348
1600,1.6000003084798726,3.8549514544652896,0.43188281854452415,2.3154428864988685
1601,1.6010003084798725,3.855383066487617,0.43233996213062903,2.312994605152544
1602,1.6020003084798726,3.8558151750336394,0.4328020829716375,2.310524924311726
1603,1.6030003084798725,3.856247989097609,0.4332693773485302,2.308032951970157
1604,1.6040003084798726,3.8566811625263795,0.43374185916887104,2.305518775421361
1605,1.6050003084798725,3.857114570340513,0.43421969774905583,2.302981659247342
1606,1.6060003084798726,3.8575488302102583,0.43470285521358243,2.3004219733239855
1607,1.6070003084798725,3.857983466675506,0.4351915237358827,2.297838871988001
1608,1.6080003084798726,3.858418444900376,0.43568596337559584,2.2952311620329175
1609,1.6090003084798725,3.8588547539775817,0.4361861484064403,2.2925991658685025
1610,1.6100003084798726,3.859291279049973,0.4366922798575683,2.2899420166671147
1611,1.6110003084798725,3.8597282581729315,0.4372044673246929,2.287259336847862
1612,1.6120003084798726,3.8601658580749945,0.4377230760821722,2.2845494209500474
1613,1.6130003084798725,3.860603742489422,0.4382481117527941,2.281812455507116
1614,1.6140003084798726,3.861042618225987,0.43877975743006925,2.2790477068882913
1615,1.6150003084798725,3.861481879805332,0.4393180454749311,2.2762552330827557
1616,1.6160003084798726,3.8619217825477414,0.4398631251447554,2.2734344909474014
1617,1.6170003084798725,3.8623621237741537,0.4404151643671482,2.2705848501764097
1618,1.6180003084798726,3.8628022845356504,0.4409744297300628,2.267705183296315
1619,1.6190003084798725,3.8632432323893084,0.4415410292471477,2.2647951917516163
1620,1.6200003084798726,3.8636852253287586,0.4421148260098013,2.261855837374318
1621,1.6210003084798725,3.8641274542688597,0.442696083138845,2.258886035109475
1622,1.6220003084798726,3.864570228960862,0.4432848201591285,2.2558859553120367
1623,1.6230003084798725,3.8650136379166526,0.4438808947090018,2.2528565926577606
1624,1.6240003084798726,3.865457555015433,0.4444844956673065,2.249797258954321
1625,1.6250003084798725,3.865902144782859,0.44509588967768715,2.246706885395285
1626,1.6260003084798726,3.866347375416321,0.4457148282171114,2.24358701279934
1627,1.6270003084798725,3.8667935665234143,0.44634158009629066,2.240436572779679
1628,1.6280003084798726,3.8672402878943863,0.44697624234063493,2.2372553734923404
1629,1.6290003084798725,3.867687581519745,0.44761875220575353,2.234044027584299
1630,1.6300003084798727,3.868134945500041,0.448269192475708,2.2308024213691433
1631,1.6310003084798725,3.8685831673345654,0.44892770929531234,2.2275301330134267
1632,1.6320003084798727,3.869032591816216,0.4495941408809019,2.224228274062187
1633,1.6330003084798725,3.8694824655582014,0.4502683379189906,2.22089788640638
1634,1.6340003084798727,3.8699327836340207,0.45095042009522857,2.2175386815003453
1635,1.6350003084798725,3.870383403580563,0.4516404431498909,2.214150692585604
1636,1.6360003084798727,3.870835202290463,0.4523382701873031,2.210734898875398
1637,1.6370003084798725,3.871287697478421,0.45304393939173326,2.207291419332575
1638,1.6380003084798727,3.87174067988819,0.4537572788064889,2.203821396827584
1639,1.6390003084798725,3.8721941984427275,0.45447805797314794,2.2003262477835253
1640,1.6400003084798727,3.872648681647898,0.4552060232760551,2.1968074868674576
1641,1.6410003084798725,3.873103765315467,0.45594118695087243,2.1932653346971036
1642,1.6420003084798727,3.873559579935624,0.4566831756546109,2.189701861835828
1643,1.6430003084798726,3.8740162880625,0.45743185487008703,2.1861179744117405
1644,1.6440003084798727,3.874473278012243,0.4581868577364462,2.1825156769887326
1645,1.6450003084798726,3.87493107058399,0.4589478836996199,2.1788966362344033
1646,1.6460003084798727,3.8753898771300883,0.45971489830848633,2.1752612405634104
1647,1.6470003084798726,3.8758490959145,0.4604874168788602,2.1716119992548433
1648,1.6480003084798727,3.876309060807367,0.4612653495371148,2.16794953491198
1649,1.6490003084798726,3.8767693293562657,0.46204849424587385,2.1642749894297055
1650,1.6500003084798727,3.8772305825484845,0.4628363902769736,2.160590699019093
1651,1.6510003084798726,3.877692978564947,0.46362859782619864,2.15689887269394
1652,1.6520003084798727,3.8781559853198275,0.46442470524985835,2.153201560330441
1653,1.6530003084798726,3.878619642050571,0.4652246938104578,2.149498969647172
1654,1.6540003084798727,3.8790846973437403,0.46602794782360313,2.145794055206559
1655,1.6550003084798726,3.8795504549130504,0.466834171864882,2.142088262316484
1656,1.6560003084798727,3.880016358027212,0.46764309889238903,2.138382887224245
1657,1.6570003084798726,3.88048327700655,0.468454102010185,2.1346808485802486
1658,1.6580003084798727,3.880951266560034,0.46926689107554115,2.130983495784328
1659,1.6590003084798726,3.8814203452840044,0.4700805412414606,2.127295031951433
1660,1.6600003084798725,3.881890421545213,0.4708948277634134,2.1236164447795107
1661,1.6610003084798726,3.882360967573044,0.47170934188552677,2.119949535030997
1662,1.6620003084798725,3.882832298517575,0.4725234875006569,2.116296917406904
1663,1.6630003084798726,3.883304154568537,0.4733366762883929,2.112661135497397
1664,1.6640003084798725,3.8837771211584995,0.47414841585351164,2.1090442708743553
1665,1.6650003084798726,3.884250738118656,0.47495837393706375,2.1054476663096144
1666,1.6660003084798725,3.8847251152559883,0.4757655653507433,2.101875530362903
1667,1.6670003084798726,3.8852001692158997,0.4765692653122794,2.098330867696083
1668,1.6680003084798725,3.8856761860718048,0.47736887204693496,2.094816102507999
1669,1.6690003084798726,3.886152886673242,0.4781638116824732,2.0913335044770274
1670,1.6700003084798725,3.886630599831122,0.478953660458662,2.087884658909103
1671,1.6710003084798726,3.8871092765166524,0.4797378832565898,2.084471614398536
1672,1.6720003084798725,3.8875887989223954,0.48051555657606065,2.0810980754203956
1673,1.6730003084798726,3.8880694513848044,0.4812857509972058,2.0777677251571194
1674,1.6740003084798725,3.888550738366668,0.4820480226827381,2.074482111625949
1675,1.6750003084798726,3.889032874963269,0.48280184776153845,2.0712431086094596
1676,1.6760003084798725,3.8895157253613286,0.4835462923173421,2.068054322591557
1677,1.6770003084798726,3.8899994096196018,0.4842809262277569,2.0649171706789478
1678,1.6780003084798725,3.890484033582059,0.48500486364599277,2.061834993741227
1679,1.6790003084798726,3.8909695544133927,0.48571753095463777,2.0588097737270927
1680,1.6800003084798725,3.8914557676300716,0.486418417488029,2.055843208331252
1681,1.6810003084798726,3.8919425674951396,0.4871064378319907,2.0529394036563993
1682,1.6820003084798725,3.892430283136354,0.4877810305205155,2.050100224137234
1683,1.6830003084798726,3.892918400459132,0.48844143924138606,2.0473283379746237
1684,1.6840003084798725,3.8934074091687667,0.48908703055334585,2.0446258795057695
1685,1.6850003084798726,3.893897141293715,0.489717125296597,2.041995160766229
1686,1.6860003084798725,3.894387780602222,0.49033072648509174,2.0394398025358185
1687,1.6870003084798726,3.894879036608704,0.49092742029131015,2.0369609817406666
1688,1.6880003084798725,3.8953710035419724,0.49150689482465204,2.0345594548714434
1689,1.6890003084798726,3.8958635271053272,0.49206837647796514,2.0322378917288138
1690,1.6900003084798725,3.8963573595304135,0.4926111468942002,2.0299987247644915
1691,1.6910003084798726,3.8968512194888945,0.49313455670523465,2.0278440973215717
1692,1.6920003084798725,3.897345967272835,0.49363791110561106,2.0257763382886846
1693,1.6930003084798726,3.8978413848910014,0.494120752137916,2.023796806091006
1694,1.6940003084798725,3.8983372563375283,0.49458276885501384,2.021906267205901
1695,1.6950003084798726,3.8988336697919843,0.49502311759755185,2.0201076766943813
1696,1.6960003084798725,3.899330580757773,0.495441328283675,2.0184024684905366
1697,1.6970003084798726,3.899827803668148,0.4958367101584349,2.016792987514921
1698,1.6980003084798725,3.900325591152669,0.49620878622488096,2.015280720053195
1699,1.6990003084798726,3.900823646364904,0.4965569449755183,2.013867714707531
1700,1.7000003084798725,3.9013217533554094,0.4968810820838536,2.012553981339221
1701,1.7010003084798726,3.9018203369162605,0.4971806102032915,2.011341511470271
1702,1.7020003084798725,3.9023195512610624,0.4974549579176001,2.0102322513501676
1703,1.7030003084798726,3.902818566054197,0.49770387973662045,2.0092268529817154
1704,1.7040003084798725,3.9033181333459277,0.497927105616543,2.008326095768136
1705,1.7050003084798726,3.9038177475546476,0.49812435585051107,2.00753082690079
1706,1.7060003084798725,3.904317255283192,0.49829517186517047,2.006842643601977
1707,1.7070003084798726,3.9048172307688653,0.49843929354089406,2.006262373289308
1708,1.7080003084798725,3.905316850147753,0.4985569801558039,2.0057887860430523
1709,1.7090003084798726,3.9058169201904653,0.49864777486526474,2.005423568309718
1710,1.7100003084798725,3.9063167674316737,0.4987118008220115,2.005166106660661
1711,1.7110003084798726,3.906816483467349,0.49874892201113213,2.005016864934056
1712,1.7120003084798725,3.9073165009031676,0.4987591442512563,2.004975771424127
1713,1.7130003084798726,3.9078166885739987,0.49874229341445664,2.005043512860852
1714,1.7140003084798725,3.908317109095562,0.49869824759091025,2.0052206014975114
1715,1.7150003084798726,3.9088171458452896,0.4986270550994925,2.0055069009451705
1716,1.7160003084798725,3.9093171394268897,0.49852904659403424,2.0059011743288195
1717,1.7170003084798726,3.9098167511168542,0.49840448198068116,2.00640250269411
1718,1.7180003084798725,3.910316433893247,0.49825383308695753,2.0070091459295916
1719,1.7190003084798726,3.9108154260000596,0.49807769372858957,2.007718901270282
1720,1.7200003084798725,3.9113147211568347,0.49787631513496194,2.0085309736594414
1721,1.7210003084798726,3.9118142538155376,0.4976499679339008,2.0094445181051888
1722,1.7220003084798725,3.9123131257004653,0.4973989303739211,2.010458686045519
1723,1.7230003084798726,3.9128117081700524,0.49712357537278035,2.0115722720454876
1724,1.7240003084798725,3.9133099483430325,0.4968243260527157,2.012783890726588
1725,1.7250003084798726,3.9138075407404127,0.4965020130365055,2.014090524798083
1726,1.7260003084798725,3.914304795067583,0.49615712648906557,2.01549055049608
1727,1.7270003084798726,3.9148018563719638,0.49579024274978434,2.016982009274193
1728,1.7280003084798725,3.915298754349101,0.4954020150098292,2.018562641454252
1729,1.7290003084798726,3.915795017921113,0.49499323310576926,2.0202296377379403
1730,1.7300003084798725,3.9162909815724967,0.49456426740766934,2.021981905893941
1731,1.7310003084798726,3.916786317794931,0.4941160038143103,2.0238162542409817
1732,1.7320003084798725,3.9172813319698405,0.4936493394770196,2.0257294399693047
1733,1.7330003084798726,3.917775764903968,0.49316542791713247,2.0277171581622544
1734,1.7340003084798725,3.9182692772543026,0.4926647397352748,2.0297778983276404
1735,1.7350003084798726,3.918762941446375,0.49214821819046456,2.031908199681815
1736,1.7360003084798725,3.919255944750999,0.49161673482807483,2.0341048812134392
1737,1.7370003084798726,3.91974829572407,0.4910713790695241,2.036363841637009
1738,1.7380003084798725,3.920240053278341,0.49051327199660516,2.038680820866598
1739,1.7390003084798726,3.9207310423637285,0.4899432479151054,2.0410527224436295
1740,1.7400003084798725,3.9212215251942797,0.4893622193113722,2.0434761012143405
1741,1.7410003084798726,3.9217113731889466,0.48877116071955745,2.045947225134608
1742,1.7420003084798725,3.9222008976354026,0.48817099506592915,2.0484625471551143
1743,1.7430003084798726,3.922689815513375,0.48756277710059887,2.0510179344426653
1744,1.7440003084798725,3.9231780396616265,0.4869473717677257,2.0536100161497552
1745,1.7450003084798726,3.9236654885612476,0.4863257267535422,2.056235039580325
1746,1.7460003084798725,3.9241522631089047,0.4856989907506444,2.0588883630466412
1747,1.7470003084798726,3.924638595288129,0.48506843700347524,2.0615647684222247
1748,1.7480003084798725,3.9251233091681357,0.4844350688759329,2.064260133603389
1749,1.7490003084798726,3.9256071623645448,0.4837997802883094,2.066970760929393
1750,1.7500003084798725,3.926091137097947,0.48316380190868435,2.0696914711938525
1751,1.7510003084798726,3.926573963335878,0.48252838293872585,2.072416950708132
1752,1.7520003084798725,3.92705657774807,0.48189445635564465,2.075143191234361
1753,1.7530003084798726,3.927537656755343,0.4812632608834755,2.0778648221853824
1754,1.7540003084798725,3.928018098799807,0.48063578465545753,2.080577501562534
1755,1.7550003084798727,3.9284982258805754,0.4800127676795507,2.0832779195314757
1756,1.7560003084798725,3.928977257156078,0.4793952201142649,2.0859615574841315
1757,1.7570003084798727,3.92945589392462,0.4787840602088234,2.0886242527870422
1758,1.7580003084798725,3.9299339524980916,0.47818042540897754,2.0912608439475986
1759,1.7590003084798727,3.93041079156258,0.4775852477289851,2.093867021134349
1760,1.7600003084798725,3.9308874553411863,0.47699923787146786,2.0964394082941067
1761,1.7610003084798727,3.931363393144861,0.47642342345209543,2.0989732048733964
1762,1.7620003084798725,3.9318385853027444,0.47585888039721264,2.101463356458268
1763,1.7630003084798727,3.932312767916853,0.475306346018139,2.1039062667213733
1764,1.7640003084798725,3.9327867426378473,0.4747664982899767,2.1062985775150938
1765,1.7650003084798727,3.9332599090432674,0.4742403805499479,2.1086352850011645
1766,1.7660003084798725,3.933732355383175,0.47372849572423864,2.110913759728966
1767,1.7670003084798727,3.9342040742156246,0.4732320069524541,2.1131284133544894
1768,1.7680003084798726,3.934675875586053,0.47275149658615234,2.11527622275388
1769,1.7690003084798727,3.9351468257690914,0.4722878773230844,2.1173526741104904
1770,1.7700003084798726,3.935617350573185,0.4718420591353607,2.119353246788716
1771,1.7710003084798727,3.93608719945036,0.4714144949565751,2.121275460764345
1772,1.7720003084798726,3.9365564251708234,0.4710054491104677,2.123117687679796
1773,1.7730003084798727,3.9370254617939806,0.4706159122195094,2.124875028733771
1774,1.7740003084798726,3.9374945008396396,0.4702459923700926,2.1265465654686126
1775,1.7750003084798727,3.937962740733755,0.46989640632128193,2.1281286397331387
1776,1.7760003084798726,3.938430808403106,0.4695674354305716,2.129619570154064
1777,1.7770003084798727,3.9388980545955685,0.4692595919608529,2.1310166422414296
1778,1.7780003084798726,3.9393655910756538,0.46897355338894897,2.132316402009641
1779,1.7790003084798727,3.9398321634509554,0.46870956298758865,2.1335173825469393
1780,1.7800003084798726,3.940298962302876,0.46846799520360677,2.1346175410881107
1781,1.7810003084798727,3.940765152258055,0.4682492605597442,2.135614691210835
1782,1.7820003084798726,3.9412312294361254,0.4680532136838045,2.1365092061424336
1783,1.7830003084798727,3.941697649457665,0.4678798104683337,2.1373010282256675
1784,1.7840003084798726,3.942164038878634,0.4677293287788727,2.1379886581214746
1785,1.7850003084798727,3.9426300804703676,0.4676018557838437,2.1385714954524597
1786,1.7860003084798726,3.943096021869411,0.46749728014477215,2.1390498778737816
1787,1.7870003084798727,3.943562074088978,0.4674157425139085,2.139423021188132
1788,1.7880003084798726,3.9440275595533105,0.46735742709643696,2.1396899717903803
1789,1.7890003084798725,3.944493259609133,0.4673221030630653,2.139851707089167
1790,1.7900003084798726,3.944958719981178,0.46730948238697406,2.13990949828814
1791,1.7910003084798725,3.9454247904686275,0.4673192758522719,2.1398646528676855
1792,1.7920003084798726,3.9458907868339854,0.46735144830792447,2.139717344667623
1793,1.7930003084798725,3.9463563760220692,0.46740559541854076,2.1394694667797993
1794,1.7940003084798726,3.946821846171854,0.4674814656077937,2.1391222402793124
1795,1.7950003084798725,3.9472885764125474,0.4675787297655402,2.1386772672517287
1796,1.7960003084798726,3.9477549060345742,0.4676969337154437,2.138136746067316
1797,1.7970003084798725,3.9482212551238267,0.46783563759107155,2.137502831441169
1798,1.7980003084798726,3.948687306009826,0.4679944855303826,2.1367773145161966
1799,1.7990003084798725,3.9491540358371093,0.4681732331718081,2.135961497040615
1800,1.8000003084798726,3.9496211431680437,0.468370982024168,2.135059682131204
1801,1.8010003084798725,3.9500881969681303,0.46858732083442867,2.134073961325431
1802,1.8020003084798726,3.9505553330496563,0.46882164725418785,2.1330073085507832
1803,1.8030003084798725,3.9510231524394044,0.4690733451824194,2.131862767881443
1804,1.8040003084798726,3.9514911263851875,0.4693418396670875,2.1306432017851162
1805,1.8050003084798725,3.951960014881726,0.46962671089552926,2.1293507732835386
1806,1.8060003084798726,3.9524289091997047,0.469927128778652,2.127989508924534
1807,1.8070003084798725,3.952897927807906,0.470242521557513,2.1265622612941333
1808,1.8080003084798726,3.9533677362935715,0.47057191342461174,2.1250737059984046
1809,1.8090003084798725,3.953837746008406,0.47091462552704016,2.1235271656318084
1810,1.8100003084798726,3.954308197526833,0.4712702843552706,2.1219245795819
1811,1.8110003084798725,3.954779297610511,0.47163820995941824,2.1202692633534594
1812,1.8120003084798726,3.9552506683979405,0.47201756198217193,2.118565241091114
1813,1.8130003084798725,3.9557227269130792,0.47240720612791004,2.116817836451965
1814,1.8140003084798726,3.9561952648737297,0.47280630968806037,2.11503099579987
1815,1.8150003084798725,3.9566683966893175,0.4732141298913393,2.1132082430201793
1816,1.8160003084798726,3.957141829821542,0.4736295616309185,2.1113546978709534
1817,1.8170003084798725,3.957615574434516,0.4740517795298007,2.1094742034127014
1818,1.8180003084798726,3.9580900626767113,0.47448063207605357,2.107567585265971
1819,1.8190003084798725,3.958565006029693,0.4749152510174523,2.1056388436834004
1820,1.8200003084798726,3.9590402262880446,0.4753546585441124,2.103692436848604
1821,1.8210003084798725,3.9595163553941286,0.4757981047747885,2.101731784899257
1822,1.8220003084798726,3.9599923628705436,0.47624444074286515,2.099762043290542
1823,1.8230003084798725,3.9604693762600482,0.47669303165912014,2.0977860668940784
1824,1.8240003084798726,3.9609473690354005,0.4771431200262959,2.0958072285415934
1825,1.8250003084798725,3.9614254719375963,0.47759398459938096,2.0938287169567844
1826,1.8260003084798726,3.9619043120036315,0.47804475945426633,2.091854330003733
1827,1.8270003084798725,3.962383546871808,0.4784946447248351,2.089887548428183
1828,1.8280003084798726,3.96286344643816,0.47894309832396464,2.0879307030406027
1829,1.8290003084798725,3.96334362416665,0.47938983450164424,2.0859849918168636
1830,1.8300003084798726,3.963824537574068,0.47983381729319424,2.0840548622461244
1831,1.8310003084798725,3.964305399042365,0.48027451824439293,2.0821425289341273
1832,1.8320003084798726,3.9647868937727018,0.48071111284030876,2.080251471806931
1833,1.8330003084798725,3.9652690624827374,0.4811431788776455,2.078383408308277
1834,1.8340003084798726,3.9657512848814274,0.48156970416771544,2.07654258842606
1835,1.8350003084798725,3.966234501201882,0.4819903524238604,2.0747303238978607
1836,1.8360003084798726,3.966717516568298,0.4824048360129407,2.0729477097803692
1837,1.8370003084798725,3.9672010824337596,0.48281267117454835,2.0711966766888685
1838,1.8380003084798726,3.9676849160838628,0.4832131548361292,2.0694800834615674
1839,1.8390003084798725,3.968168868474985,0.48360592197130886,2.06779932703001
1840,1.8400003084798726,3.9686533949821414,0.48399041832489,2.066156605870504
1841,1.8410003084798725,3.969138490868698,0.4843663189174904,2.0645531304383398
1842,1.8420003084798726,3.969623711321828,0.4847332111348053,2.062990480183744
1843,1.8430003084798725,3.9701096149577997,0.4850906261179186,2.0614704679057523
1844,1.8440003084798726,3.970595559050583,0.4854379740364251,2.0599954133892386
1845,1.8450003084798725,3.971082300668551,0.4857752244108974,2.0585652576512237
1846,1.8460003084798726,3.971569010123894,0.4861020086954585,2.0571813778010886
1847,1.8470003084798725,3.9720561315628586,0.4864179432325338,2.05584521276993
1848,1.8480003084798726,3.9725432979883792,0.4867227639560071,2.05455769496408
1849,1.8490003084798725,3.973030971177375,0.48701641204762625,2.0533188928799553
1850,1.8500003084798726,3.9735187701357617,0.4872985137296263,2.052130207306239
1851,1.8510003084798725,3.9740072073577744,0.4875691394844652,2.0509911703135217
1852,1.8520003084798726,3.974495667192701,0.48782785538107837,2.049903442309226
1853,1.8530003084798725,3.9749840975235395,0.488074503559437,2.0488675247471138
1854,1.8540003084798726,3.9754729089308083,0.4883089891249752,2.0478836602863875
1855,1.8550003084798725,3.9759621165439625,0.4885312258414988,2.0469520618205976
1856,1.8560003084798726,3.976451526853159,0.4887409984609951,2.046073489125973
1857,1.8570003084798725,3.9769406325348933,0.4889380602349525,2.045248838921363
1858,1.8580003084798726,3.977430616768414,0.4891224039372612,2.0444780119462043
1859,1.8590003084798725,3.9779204480789985,0.48929383440983953,2.043761702426002
1860,1.8600003084798726,3.9784101836067123,0.4894523519340226,2.0430997952070284
1861,1.8610003084798725,3.978899976635851,0.4895978230230138,2.042492741951989
1862,1.8620003084798726,3.9793901258781674,0.48973050423249453,2.041939375549415
1863,1.8630003084798725,3.9798802599210887,0.48985061638187233,2.0414386887704374
1864,1.8640003084798726,3.9803709953086837,0.4899582424338551,2.040990258746389
1865,1.8650003084798725,3.9808615800745706,0.49005317390442277,2.0405948849033155
1866,1.8660003084798726,3.981352733135774,0.4901357963101407,2.040250900930393
1867,1.8670003084798725,3.9818432286619747,0.49020610481419546,2.0399582750586784
1868,1.8680003084798726,3.982333516563696,0.4902640704428443,2.0397170836865994
1869,1.8690003084798725,3.9828247401433208,0.4903099709633132,2.039526134937247
1870,1.8700003084798726,3.983315646823399,0.490343727064304,2.0393857304691476
1871,1.8710003084798725,3.983806482786104,0.4903653286288731,2.039295891485912
1872,1.8720003084798726,3.9842978103540876,0.4903753422473564,2.0392542484233993
1873,1.8730003084798725,3.984789019739671,0.4903738377900462,2.039260504815411
1874,1.8740003084798726,3.9852795055729047,0.4903607798357947,2.039314808853323
1875,1.8750003084798725,3.985770147921449,0.4903361773882079,2.0394171307663522
1876,1.8760003084798726,3.986260689129846,0.49030024060126515,2.0395666108050032
1877,1.8770003084798725,3.9867515971993392,0.4902533689096723,2.0397616078070175
1878,1.8780003084798726,3.987242505462764,0.4901954136204708,2.040002766680801
1879,1.8790003084798725,3.987732830331663,0.4901268236910643,2.0402882512513085
1880,1.8800003084798727,3.988222648602819,0.4900479775149505,2.040616523041342
1881,1.8810003084798725,3.988712240099176,0.4899591828277018,2.040986341410522
1882,1.8820003084798727,3.9892022202472037,0.48986047094155244,2.0413976209958666
1883,1.8830003084798725,3.9896919038004928,0.4897519797115446,2.0418498371134355
1884,1.8840003084798727,3.9901814553391755,0.4896340992188967,2.0423414169790863
1885,1.8850003084798725,3.9906711776794475,0.4895071430732199,2.0428711085231726
1886,1.8860003084798727,3.9911605656802505,0.48937127845200457,2.0434382728043072
1887,1.8870003084798725,3.991649661608958,0.4892267117680985,2.044042109609944
1888,1.8880003084798727,3.9921388732670757,0.489073503513677,2.0446824307913767
1889,1.8890003084798725,3.9926274973602816,0.4889119953737863,2.0453578751641657
1890,1.8900003084798727,3.993115912206032,0.48874237896558476,2.046067709774797
1891,1.8910003084798725,3.9936046609338227,0.4885649534110305,2.0468107526302615
1892,1.8920003084798727,3.9940933767094613,0.4883803320069599,2.047584504254256
1893,1.8930003084798726,3.9945821180608356,0.48818868206272237,2.048388331689181
1894,1.8940003084798727,3.9950699355439796,0.4879899888521056,2.049222366943
1895,1.8950003084798726,3.995558267175519,0.48778453930212956,2.0500854771467214
1896,1.8960003084798727,3.9960462645329295,0.4875723549170588,2.050977644477219
1897,1.8970003084798726,3.9965336983229847,0.48735383370906626,2.051897268129353
1898,1.8980003084798727,3.997020802923866,0.48712920235270524,2.052843465697118
1899,1.8990003084798726,3.9975079170787775,0.48689892204111346,2.053814364196848
1900,1.9000003084798727,3.9979944562994842,0.4866630847579929,2.0548096441242887
1901,1.9010003084798726,3.9984810322407074,0.48642219705510414,2.0558272341480244
1902,1.9020003084798727,3.998967480814614,0.48617614492251787,2.056867681484805
1903,1.9030003084798726,3.999453983012987,0.48592519722686545,2.0579299153592294
1904,1.9040003084798727,3.999940140816287,0.4856697134399787,2.0590124776713807
1905,1.9050003084798726,4.0004258858721515,0.4854095408652399,2.06011607892483
1906,1.9060003084798727,4.000911083103907,0.48514519752825813,2.0612385840256686
1907,1.9070003084798726,4.001396200464507,0.48487702591415976,2.0623785961288976
1908,1.9080003084798727,4.001881026990268,0.4846052944534198,2.0635350282911937
1909,1.9090003084798726,4.002365391165718,0.48433028062672867,2.0647067507445316
1910,1.9100003084798727,4.002849647076932,0.4840521686557658,2.065893027144252
1911,1.9110003084798726,4.003333687204954,0.483771075282776,2.067093406556966
1912,1.9120003084798727,4.0038176023042045,0.48348713872555926,2.0683073445054507
1913,1.9130003084798726,4.004301058130661,0.4832008346366896,2.0695328491141427
1914,1.9140003084798727,4.004783761602513,0.4829121231268325,2.070770130029142
1915,1.9150003084798726,4.005266278656316,0.48262090950536635,2.07201963343215
1916,1.9160003084798725,4.005749258984643,0.4823274203960732,2.073280426766592
1917,1.9170003084798726,4.006231496122553,0.4820318497766772,2.0745517136747185
1918,1.9180003084798725,4.0067133582675565,0.48173426050690776,2.075833259083014
1919,1.9190003084798726,4.007195153213684,0.48143477493533876,2.0771245702687544
1920,1.9200003084798725,4.007676564538887,0.48113386771590444,2.0784236303033876
1921,1.9210003084798726,4.008157691029234,0.4808315605674493,2.0797303713172623
1922,1.9220003084798725,4.0086378912803955,0.4805284473610979,2.0810422473251413
1923,1.9230003084798726,4.009117490700864,0.48022452878705163,2.0823592716635995
1924,1.9240003084798725,4.0095973133273795,0.4799200237987543,2.0836805101079334
1925,1.9250003084798726,4.010076689624146,0.4796153345675339,2.0850042271932225
1926,1.9260003084798725,4.010555672112774,0.4793105473075382,2.086330053902139
1927,1.9270003084798726,4.011034868285912,0.47900560777245627,2.08765823149827
1928,1.9280003084798725,4.011513583305736,0.4787004373066818,2.0889891089849684
1929,1.9290003084798726,4.0119922857107415,0.4783955774147755,2.0903203273825133
1930,1.9300003084798725,4.01247048684791,0.47809131496093416,2.0916506297164426
1931,1.9310003084798726,4.01294775598438,0.4777876355820274,2.0929800721649654
1932,1.9320003084798725,4.013425204155997,0.47748460676431914,2.0943083522137256
1933,1.9330003084798726,4.013902245869782,0.47718223639816565,2.0956354275635483
1934,1.9340003084798725,4.014378525907968,0.4768805447866409,2.096961201148195
1935,1.9350003084798726,4.014854343365082,0.4765798473202084,2.0982842762298164
1936,1.9360003084798725,4.015330211304475,0.4762799921234595,2.099605308930936
1937,1.9370003084798726,4.0158062322854065,0.4759813448326273,2.1009226745044747
1938,1.9380003084798725,4.016281433997572,0.47568418628931125,2.1022351148579066
1939,1.9390003084798726,4.016756559700416,0.47538830682285294,2.103543536195215
1940,1.9400003084798725,4.017231750701863,0.4750942228369223,2.10484563257519
1941,1.9410003084798726,4.0177065978966535,0.47480215341654036,2.1061404056495663
1942,1.9420003084798725,4.01818071711751,0.4745120106518569,2.107428215834323
1943,1.9430003084798726,4.0186552224873004,0.4742238391638168,2.108708836239163
1944,1.9440003084798725,4.019129101311554,0.47393799844909706,2.109980637282461
1945,1.9450003084798726,4.019603014547947,0.47365464774722915,2.1112428744363565
1946,1.9460003084798725,4.0200766305281945,0.4733738369897596,2.1124952877816794
1947,1.9470003084798726,4.020550168879435,0.47309554545110166,2.113737932253176
1948,1.9480003084798725,4.02102339691118,0.4728198504476935,2.1149704248946857
1949,1.9490003084798726,4.021495874723317,0.47254709153794444,2.116191206987256
1950,1.9500003084798725,4.0219683352538595,0.4722776423216517,2.117398560482639
1951,1.9510003084798726,4.022440796255923,0.4720115470517765,2.1185922383595983
1952,1.9520003084798725,4.022912651600348,0.47174897083139117,2.119771450137222
1953,1.9530003084798726,4.023384363112672,0.471490051616934,2.120935524663961
1954,1.9540003084798725,4.02385556674276,0.4712348412824297,2.1220841762858114
1955,1.9550003084798726,4.024326832428841,0.47098324340332937,2.1232177874821843
1956,1.9560003084798725,4.024797965868582,0.4707354367961586,2.1243355010747313
1957,1.9570003084798726,4.025268586186531,0.47049168692230686,2.1254360657070053
1958,1.9580003084798725,4.0257394938213285,0.4702521053520584,2.1265189216991196
1959,1.9590003084798726,4.026210414796392,0.4700168961593084,2.1275830893982546
1960,1.9600003084798725,4.02668055281383,0.46978605411524366,2.128628534713142
1961,1.9610003084798726,4.027150420832467,0.4695598453654488,2.1296539937773438
1962,1.9620003084798725,4.027619983103156,0.46933797851003145,2.1306607301940863
1963,1.9630003084798726,4.028089226336356,0.46912072405387206,2.1316474602924678
1964,1.9640003084798725,4.028558592137851,0.46890837209957975,2.1326128077483655
1965,1.9650003084798726,4.029027494948477,0.46870055932973587,2.1335583670521916
1966,1.9660003084798725,4.029496105581743,0.4684974332592557,2.134483412306387
1967,1.9670003084798726,4.029964457928048,0.46829914313550813,2.135387208493434
1968,1.9680003084798725,4.030432470095678,0.4681057431538368,2.1362694532704403
1969,1.9690003084798726,4.030900146514163,0.46791764159761273,2.1371282274925494
1970,1.9700003084798725,4.031367734211924,0.4677350410412275,2.137962547714823
1971,1.9710003084798726,4.03183516068776,0.4675575287246254,2.138774243947559
1972,1.9720003084798725,4.032302523548666,0.4673850604935955,2.1395634660293186
1973,1.9730003084798726,4.032769387472211,0.46721776495018214,2.140329574383
1974,1.9740003084798725,4.033236306030311,0.46705576314946906,2.14107196377743
1975,1.9750003084798726,4.033703013440097,0.4668991656699378,2.1417900770183085
1976,1.9760003084798725,4.034169369304433,0.4667479415086883,2.142484007037416
1977,1.9770003084798726,4.034635667834374,0.46660220108066264,2.143153199200463
1978,1.9780003084798725,4.035101945318475,0.46646194421113935,2.143797607522212
1979,1.9790003084798726,4.035567806459713,0.4663273392957339,2.1444164125359664
1980,1.9800003084798725,4.03603372511681,0.4661983939014222,2.1450095347420914
1981,1.9810003084798726,4.036499661838159,0.46607512320829764,2.1455768613358956
1982,1.9820003084798725,4.036964816500574,0.465957593893754,2.1461180440124266
1983,1.9830003084798726,4.0374303559066105,0.46584586687362195,2.1466327622721773
1984,1.9840003084798725,4.037895732915131,0.46573985717431143,2.1471213695711944
1985,1.9850003084798726,4.0383610183995415,0.46563971205500415,2.147583150901601
1986,1.9860003084798725,4.03882688130473,0.4655452079591071,2.1480191029865328
1987,1.9870003084798726,4.03929249495905,0.465456299103161,2.1484294055678164
1988,1.9880003084798725,4.039758099561727,0.46537288920838904,2.1488144737030668
1989,1.9890003084798726,4.0402232747433855,0.46529503688153717,2.149174009467454
1990,1.9900003084798725,4.040688391436921,0.46522281070752064,2.1495076702691747
1991,1.9910003084798726,4.041153141915611,0.46515641374135797,2.149814493487845
1992,1.9920003084798725,4.041618352479743,0.4650957707467207,2.150094803903462
1993,1.9930003084798726,4.042082942444476,0.4650412346471197,2.1503469488223232
1994,1.9940003084798725,4.042547308524877,0.4649927685871896,2.1505710788542998
1995,1.9950003084798726,4.04301173520374,0.4649503948893654,2.1507670732013233
1996,1.9960003084798725,4.043476669028622,0.4649141643451544,2.150934681477236
1997,1.9970003084798726,4.043941548959262,0.4648837853276972,2.151075239793745
1998,1.9980003084798725,4.044406053489636,0.4648595581756753,2.151187347689406
1999,1.9990003084798726,4.044870497717147,0.46484133264642385,2.1512716915830685
2000,2.0000003084798728,4.045335445752323,0.46482898459197663,2.1513288395253416
2001,2.0010003084798726,4.045800050029294,0.46482243875941726,2.1513591354774935
2002,2.0020003084798725,4.046265105251408,0.46482191897810726,2.151361541207998
2003,2.0030003084798724,4.04672994555787,0.46482728411918917,2.1513367097091143
2004,2.0040003084798728,4.04719448388155,0.4648388780141933,2.151283051607112
2005,2.0050003084798727,4.047659441172653,0.4648565632615235,2.151201207064404
2006,2.0060003084798725,4.04812476829071,0.4648802451456137,2.151091620782405
2007,2.0070003084798724,4.048589864440552,0.46490978208722694,2.150954956272309
2008,2.0080003084798728,4.049054866653548,0.4649451013994568,2.150791560100451
2009,2.0090003084798727,4.0495195182406745,0.4649860423487836,2.1506021878607386
2010,2.0100003084798725,4.049984309769283,0.465032226758758,2.1503886020328737
2011,2.0110003084798724,4.050448792103774,0.4650837216018884,2.1501505074305736
2012,2.0120003084798728,4.050913789538999,0.4651407633892208,2.149886827190889
2013,2.0130003084798727,4.051379046021229,0.46520312800576574,2.1495986157419087
2014,2.0140003084798725,4.051844188932921,0.46527090615056166,2.149285473861974
2015,2.0150003084798724,4.052309371455198,0.46534396307974535,2.1489480456172405
2016,2.0160003084798728,4.052774246455096,0.4654221643851809,2.148586974410624
2017,2.0170003084798727,4.05323945598839,0.4655055757160413,2.148201981172403
2018,2.0180003084798726,4.053704921681379,0.46559363324374564,2.147795692636725
2019,2.0190003084798724,4.054170576444478,0.46568646935617597,2.147367522579144
2020,2.0200003084798728,4.054636442432342,0.46578393713086014,2.1469181744647714
2021,2.0210003084798727,4.055101953158893,0.4658860347045749,2.1464476835716155
2022,2.0220003084798726,4.055568008125252,0.4659929032814778,2.1459554275571473
2023,2.0230003084798724,4.056033802631488,0.4661045663990568,2.145441328167223
2024,2.024000308479873,4.056500218519063,0.4662207117671514,2.144906853686583
2025,2.0250003084798727,4.056966482495169,0.4663409730848226,2.1443537190932402
2026,2.0260003084798726,4.057432882334986,0.4664651497442084,2.143782875416013
2027,2.0270003084798724,4.057899460078673,0.4665933047410716,2.1431940618070673
2028,2.028000308479873,4.058366368134955,0.46672525682303145,2.1425881401982294
2029,2.0290003084798727,4.058833665194553,0.4668608018985173,2.1419660762553643
2030,2.0300003084798726,4.059300227988166,0.4670000264049581,2.1413275020521136
2031,2.0310003084798725,4.059767446776249,0.4671424509972554,2.140674644030318
2032,2.032000308479873,4.060234453488584,0.4672881680624613,2.140007105564745
2033,2.0330003084798727,4.060701815322044,0.4674373163865579,2.1393242793072758
2034,2.0340003084798726,4.06116914684403,0.46758952287599914,2.138627901346694
2035,2.0350003084798725,4.061636921152763,0.46774480920745565,2.137917899493946
2036,2.036000308479873,4.0621049702212755,0.46790304764167734,2.137194884795462
2037,2.0370003084798727,4.062573250568192,0.46806433381822404,2.13645844758673
2038,2.0380003084798726,4.063041133540027,0.46822853581537716,2.1357092178472024
2039,2.0390003084798725,4.063509363809306,0.46839575223965096,2.1349467735744065
2040,2.040000308479873,4.063978076004752,0.46856589147864247,2.1341715608968532
2041,2.0410003084798727,4.064447083841752,0.46873879170331606,2.133384344756644
2042,2.0420003084798726,4.064915844065817,0.4689144857774017,2.1325850028755773
2043,2.0430003084798725,4.065384641804628,0.4690929668237953,2.1317735944133833
2044,2.0440003084798724,4.065853805391934,0.46927400391927876,2.130951196205646
2045,2.0450003084798727,4.066323468103107,0.46945758591665,2.1301178849787408
2046,2.0460003084798726,4.066793233033186,0.46964380151298596,2.129273284941565
2047,2.0470003084798725,4.06726310704481,0.46983226814239243,2.1284191568062525
2048,2.0480003084798724,4.067733001246979,0.47002275774203506,2.1275565566313173
2049,2.0490003084798727,4.068202998602854,0.47021536159529437,2.1266850929908188
2050,2.0500003084798726,4.068673461000636,0.47040990958073514,2.1258055573091044
2051,2.0510003084798725,4.069143533746953,0.4706065293244537,2.1249173942305477
2052,2.0520003084798724,4.06961411410984,0.4708054273947841,2.124019694364039
2053,2.0530003084798727,4.070085426288057,0.47100623445525835,2.1231141476429682
2054,2.0540003084798726,4.070556447376839,0.4712090066678857,2.122200522166193
2055,2.0550003084798725,4.071027683476687,0.4714136195283931,2.121279400031781
2056,2.0560003084798724,4.071499349259949,0.47161954846016274,2.120353160222045
2057,2.0570003084798727,4.071971238368087,0.4718269422929495,2.119421148653094
2058,2.0580003084798726,4.072443394348217,0.4720356023857063,2.1184842731055005
2059,2.0590003084798725,4.072915638065231,0.4722455001766395,2.1175426756336657
2060,2.0600003084798724,4.073387642614858,0.4724564884105282,2.116597029631811
2061,2.0610003084798727,4.073860748003511,0.4726686687194145,2.115646892165006
2062,2.0620003084798726,4.074333920693562,0.4728818417845552,2.1146931678032153
2063,2.0630003084798725,4.074806745923508,0.47309587342532144,2.1137364669020955
2064,2.0640003084798724,4.075279876067997,0.47331111136872706,2.1127752465142584
2065,2.0650003084798727,4.0757534011254455,0.47352742810411663,2.111810088813114
2066,2.0660003084798726,4.076227032321876,0.47374454915572933,2.1108422287541297
2067,2.0670003084798725,4.076700327818706,0.4739625662589516,2.109871266613164
2068,2.0680003084798724,4.077173961986417,0.4741816971752802,2.10889624369106
2069,2.0690003084798727,4.077648031521864,0.4744016074787389,2.107918658443451
2070,2.0700003084798726,4.078122863989155,0.474621815555918,2.106940657223507
2071,2.0710003084798725,4.078597263604174,0.4748426187606695,2.105960923663469
2072,2.0720003084798724,4.079072036341674,0.4750639710870779,2.104979667710273
2073,2.0730003084798727,4.0795470773778755,0.47528601101840623,2.103996281854114
2074,2.0740003084798726,4.080022776842596,0.4755088267917972,2.1030103831024207
2075,2.0750003084798725,4.080498202493643,0.47573218126071815,2.1020230276411853
2076,2.0760003084798724,4.080973856213994,0.4759556812799014,2.101035956353922
2077,2.0770003084798727,4.08145024265739,0.4761796174952733,2.100047887937846
2078,2.0780003084798726,4.081926602735981,0.4764038430539116,2.099059473554323
2079,2.0790003084798725,4.082403782499598,0.4766283525400038,2.0980707393315825
2080,2.0800003084798724,4.082880712661241,0.4768530553230662,2.097082086057944
2081,2.0810003084798727,4.083358084965337,0.4770781443438475,2.0960926671150624
2082,2.0820003084798726,4.083835366575087,0.47730340544488414,2.095103426022954
2083,2.0830003084798725,4.08431294522077,0.477528732224894,2.094114830202607
2084,2.0840003084798724,4.084790654382251,0.4777541757074356,2.0931266556053596
2085,2.0850003084798727,4.0852684123461165,0.4779795287299959,2.092139809119077
2086,2.0860003084798726,4.08574598391694,0.4782049488242029,2.091153599432152
2087,2.0870003084798725,4.086224771230534,0.47843013285240465,2.090169350408577
2088,2.0880003084798724,4.0867036309170075,0.4786550000384533,2.089187410388827
2089,2.0890003084798727,4.08718265627283,0.4788793911502263,2.0882084685208264
2090,2.0900003084798726,4.087661501357412,0.47910318437380967,2.0872330483609813
2091,2.0910003084798725,4.088140777999966,0.47932672308288493,2.0862596467985375
2092,2.0920003084798724,4.088619855593578,0.47954995515651816,2.0852884861048824
2093,2.0930003084798727,4.089100018351123,0.47977291281061435,2.0843194213316085
2094,2.0940003084798726,4.089579922045176,0.4799952524051102,2.0833539394177425
2095,2.0950003084798725,4.090060241133015,0.48021710586406713,2.0823914595892496
2096,2.0960003084798724,4.090540979526961,0.48043837375582055,2.081432405539369
2097,2.0970003084798727,4.091021356569091,0.4806593208024448,2.080475623213825
2098,2.0980003084798726,4.091501820104361,0.4808798022812148,2.079521733406486
2099,2.0990003084798725,4.091982855126763,0.48109938812781805,2.0785725874469847
2100,2.1000003084798724,4.092464523289237,0.48131856424670527,2.0776260761208425
2101,2.1010003084798727,4.0929461315762286,0.48153707166895965,2.0766833102467053
2102,2.1020003084798726,4.093427791540661,0.4817551481953205,2.0757432561874043
2103,2.1030003084798725,4.093909725658553,0.48197262212727704,2.0748066468719975
2104,2.1040003084798724,4.094391880201783,0.4821897966111577,2.0738721703114122
2105,2.1050003084798727,4.094874414873905,0.4824065440476241,2.0729403701896674
2106,2.1060003084798726,4.09535691427994,0.4826226119977118,2.0720123242065194
2107,2.1070003084798725,4.095839856984622,0.482837888890382,2.071088501977583
2108,2.1080003084798724,4.096322938668434,0.48305257442012045,2.07016803750699
2109,2.1090003084798727,4.096805985528998,0.48326665931185414,2.0692509626547513
2110,2.1100003084798726,4.097289374756262,0.4834800792130187,2.068337544801728
2111,2.1110003084798725,4.097772819334349,0.48369306088482006,2.067426806104473
2112,2.1120003084798724,4.098256586075311,0.48390578517325356,2.0665179682486507
2113,2.1130003084798727,4.098740536650486,0.4841180532644632,2.0656118755681305
2114,2.1140003084798726,4.099224339581316,0.48432994468885227,2.0647081828533835
2115,2.1150003084798725,4.099708806212629,0.48454132269603895,2.0638074673092786
2116,2.1160003084798724,4.100193637850433,0.4847523097401929,2.0629092010638557
2117,2.1170003084798727,4.100678679675137,0.48496279184034474,2.062013863383588
2118,2.1180003084798726,4.101164048598061,0.48517287059896147,2.0611210160318074
2119,2.1190003084798725,4.101649609777587,0.4853827214509284,2.0602299089072513
2120,2.1200003084798724,4.102134927001751,0.48559223980084565,2.0593409820760864
2121,2.1210003084798728,4.102620803786673,0.48580156161157595,2.058453654785805
2122,2.1220003084798726,4.103106986030572,0.48601085717113107,2.057567202964534
2123,2.1230003084798725,4.1035930234048195,0.48621987175473064,2.0566827028090726
2124,2.1240003084798724,4.104079163484746,0.486428636157109,2.055800020122613
2125,2.1250003084798728,4.104565732618814,0.4866370226029992,2.054919690760571
2126,2.1260003084798726,4.105052133518618,0.4868451039131423,2.054041402413712
2127,2.1270003084798725,4.105538983980955,0.4870529264246678,2.053164955481834
2128,2.1280003084798724,4.106026086976742,0.4872602901223879,2.0522911886557065
2129,2.1290003084798728,4.106513708411502,0.4874672577707804,2.051419831914589
2130,2.1300003084798727,4.1070014869609475,0.487674114510464,2.050549681120184
2131,2.1310003084798725,4.107489135754836,0.4878805820971965,2.0496819031030387
2132,2.1320003084798724,4.107977898130482,0.48808677982651627,2.0488159920156743
2133,2.1330003084798728,4.10846620857233,0.4882928641918147,2.0479512877074786
2134,2.1340003084798727,4.1089548155004945,0.4884986605348635,2.0470885199666404
2135,2.1350003084798725,4.109443516348953,0.4887039257626288,2.0462287026638615
2136,2.1360003084798724,4.109932252788984,0.48890886380683674,2.0453709761234573
2137,2.1370003084798728,4.110421250525828,0.48911347415708856,2.0445153381295524
2138,2.1380003084798727,4.110910745044623,0.4893180459083604,2.043660576923174
2139,2.1390003084798725,4.111400706199801,0.48952266401100675,2.042806336700103
2140,2.1400003084798724,4.111890295476871,0.48972694305751674,2.04195422403491
2141,2.1410003084798728,4.112380024580777,0.4899310605197317,2.0411034951308737
2142,2.1420003084798727,4.112869865183974,0.4901347806525988,2.040255128739348
2143,2.1430003084798726,4.113359929244399,0.49033813261965603,2.0394089985566692
2144,2.1440003084798724,4.11385003084094,0.49054081119340837,2.0385663683459034
2145,2.1450003084798728,4.114340379743292,0.490743090469812,2.0377260921649487
2146,2.1460003084798727,4.114830549374581,0.490945183267444,2.0368872820883683
2147,2.1470003084798726,4.1153212707279465,0.49114681145377126,2.0360510883498306
2148,2.1480003084798724,4.115812429655589,0.49134820913745764,2.035216535652914
2149,2.149000308479873,4.116303626920586,0.49154903152370616,2.034385047815464
2150,2.1500003084798727,4.116795164491343,0.4917494917484049,2.0335557367726427
2151,2.1510003084798726,4.1172868117134085,0.4919500028110106,2.0327268915255274
2152,2.1520003084798724,4.117778562497354,0.4921506442395988,2.0318981834211716
2153,2.153000308479873,4.118270384685603,0.4923512650673162,2.0310702357254553
2154,2.1540003084798727,4.1187629995703965,0.4925519226125369,2.030242811145505
2155,2.1550003084798726,4.119255304700342,0.4927528450913898,2.0294149693129264
2156,2.1560003084798725,4.119748364385756,0.4929542050459736,2.0285860020338777
2157,2.157000308479873,4.120241670411336,0.4931556756867161,2.02775725658537
2158,2.1580003084798727,4.120735044412543,0.4933571068781882,2.026929350076037
2159,2.1590003084798726,4.121228796459999,0.49355845515027613,2.02610245972896
2160,2.1600003084798725,4.1217227588046494,0.49376010665373943,2.025274999993616
2161,2.161000308479873,4.122216647952754,0.4939620862624696,2.024446871148415
2162,2.1620003084798727,4.12271066995527,0.4941643947639895,2.0236180724384143
2163,2.1630003084798726,4.123205317545802,0.4943666774297512,2.022790057774674
2164,2.1640003084798725,4.123699770246008,0.4945695509529225,2.0219603048210884
2165,2.165000308479873,4.124194948917279,0.4947728842823553,2.021129354027662
2166,2.1660003084798727,4.124689545560543,0.4949765053177386,2.0202979116313275
2167,2.1670003084798726,4.1251845851125255,0.4951805838874059,2.0194652870868213
2168,2.1680003084798725,4.125680252963511,0.49538551789733176,2.0186298627471166
2169,2.169000308479873,4.126175971719864,0.49559114564531154,2.0177923047795687
2170,2.1700003084798727,4.126671914516766,0.49579712988821734,2.0169539912936982
2171,2.1710003084798726,4.127168437780832,0.496003415051103,2.0161151509349393
2172,2.1720003084798725,4.12766469624501,0.49621038253077526,2.015274236906922
2173,2.1730003084798724,4.12816111776605,0.49641728269300867,2.0144342972410447
2174,2.1740003084798727,4.128657812911697,0.4966208503714499,2.0136085692979773
2175,2.1750003084798726,4.129154679941049,0.49681804491078024,2.012809337832289
2176,2.1760003084798725,4.12965194005777,0.4970067201599456,2.012045228841538
2177,2.1770003084798724,4.130149484795657,0.497189876368436,2.011304025947148
2178,2.1780003084798727,4.130647505165794,0.49737506989773905,2.0105551333837486
2179,2.1790003084798726,4.131145182093721,0.4975628732680458,2.009796256364334
2180,2.1800003084798725,4.131643076936659,0.49775335885262334,2.0090271260150026
2181,2.1810003084798724,4.132140834465701,0.4979468821170007,2.008246332919168
2182,2.1820003084798727,4.132639544286512,0.49814359697076244,2.0074532847176054
2183,2.1830003084798726,4.133138194605994,0.49834366344683834,2.0066473667657596
2184,2.1840003084798725,4.13363686880225,0.4985473473192924,2.0058275415104245
2185,2.1850003084798724,4.134135669195703,0.4987548365462191,2.004993088237112
2186,2.1860003084798727,4.134634801735369,0.498965962883965,2.0041447200528806
2187,2.1870003084798726,4.13513420302251,0.49918086172909887,2.003281929792195
2188,2.1880003084798725,4.135633778370211,0.49939967151854914,2.002404200545929
2189,2.1890003084798724,4.136133521580155,0.4996224804118781,2.001511219382325
2190,2.1900003084798727,4.136633736588909,0.4998496639175045,2.000601525191864
2191,2.1910003084798726,4.137133651472609,0.5000811076885356,1.999675621864979
2192,2.1920003084798725,4.137633637119018,0.5003170241839315,1.9987327067894656
2193,2.1930003084798724,4.1381344206253665,0.5005575927288749,1.9977721135910251
2194,2.1940003084798727,4.138635218147984,0.5008028892826498,1.9967935916511987
2195,2.1950003084798726,4.139136098456227,0.501052969012911,1.9957969752579838
2196,2.1960003084798725,4.1396372476130585,0.5013082437008148,1.9947806814778988
2197,2.1970003084798724,4.140138884856433,0.501568566570853,1.9937453553695477
2198,2.1980003084798727,4.140640549375058,0.501833908645227,1.9926911728616428
2199,2.1990003084798726,4.141142293430489,0.5021041289071629,1.9916187548119049
2200,2.2000003084798725,4.141644125088279,0.5023793367047674,1.9905277286268417
2201,2.2010003084798724,4.142146294436092,0.5026596558330718,1.9894176673930042
2202,2.2020003084798727,4.1426482695956315,0.5029446480807801,1.988290369160834
2203,2.2030003084798726,4.14315124310788,0.5032345195174298,1.9871450809037046
2204,2.2040003084798725,4.143654421338406,0.5035293260207566,1.9859816465958484
2205,2.2050003084798724,4.144157897463397,0.5038290685632167,1.984800128447784
2206,2.2060003084798727,4.144662221583452,0.5041338791572249,1.9836000739956792
2207,2.2070003084798726,4.145166042724773,0.5044437141136429,1.9823817247026225
2208,2.2080003084798725,4.14566978163443,0.5047582366193342,1.9811464726115104
2209,2.2090003084798724,4.146174294169069,0.5050772682001958,1.9798950833075966
2210,2.2100003084798727,4.146679182550743,0.5054010969140662,1.9786264931079698
2211,2.2110003084798726,4.147184757975828,0.5057297325202531,1.9773407329970514
2212,2.2120003084798725,4.147690278447827,0.5060632468963506,1.9760375924015976
2213,2.2130003084798724,4.148196445499617,0.5064015337787454,1.9747175577017808
2214,2.2140003084798727,4.148702966388603,0.5067446300420231,1.9733805564295224
2215,2.2150003084798726,4.149209595738065,0.5070924918883076,1.9720268313896874
2216,2.2160003084798725,4.149716446776922,0.5074453448246825,1.9706555793619318
2217,2.2170003084798724,4.150223496422539,0.5078026931501934,1.9692687996521294
2218,2.2180003084798727,4.150731027959772,0.5081644538873038,1.9678668831523016
2219,2.2190003084798726,4.151238744531725,0.5085305351544898,1.9664502539581101
2220,2.2200003084798725,4.151745884324051,0.5089008153116925,1.9650194495906204
2221,2.2210003084798724,4.15225400738602,0.5092752409808285,1.9635747421651009
2222,2.2220003084798727,4.152762462705683,0.5096537665724428,1.962116373092396
2223,2.2230003084798726,4.153271276844578,0.5100363381965372,1.9606446151188948
2224,2.2240003084798725,4.153780122673947,0.5104225318048555,1.9591611609777435
2225,2.2250003084798724,4.154289500144439,0.5108122260702438,1.9576665337342298
2226,2.2260003084798727,4.154798938422202,0.5112051502762923,1.9561618255597142
2227,2.2270003084798726,4.155308966054045,0.511601078748843,1.9546479504022383
2228,2.2280003084798725,4.155819407853505,0.5119997565631079,1.953125928638488
2229,2.2290003084798724,4.156330026226626,0.5124010551352156,1.9515962935246371
2230,2.2300003084798727,4.156841272406966,0.5128047873118672,1.9500597980803178
2231,2.2310003084798726,4.157352724638314,0.5132109586471004,1.948516459266862
2232,2.2320003084798725,4.157864684421816,0.5136192375375369,1.9469675723096662
2233,2.2330003084798724,4.158376129005378,0.5140293314029929,1.9454142767896097
2234,2.2340003084798727,4.158888434128678,0.5144411374928607,1.9438569879413614
2235,2.2350003084798726,4.159401177385422,0.5148542895132636,1.9422971127333652
2236,2.2360003084798725,4.159914365540897,0.5152689910252154,1.940733902908323
2237,2.2370003084798724,4.160427850723974,0.5156849619764222,1.939168433702981
2238,2.2380003084798727,4.160941413206343,0.5161015546100512,1.9376031540063194
2239,2.2390003084798726,4.161455559348765,0.5165188215991418,1.9360378715803637
2240,2.2400003084798725,4.161970431994677,0.5169364904133682,1.934473612416779
2241,2.2410003084798724,4.162485068505322,0.5173540342966967,1.9329123457197424
2242,2.2420003084798727,4.16300218136765,0.517771522553362,1.9313538046058512
2243,2.2430003084798726,4.163524567752571,0.5181886482891093,1.929799124897227
2244,2.2440003084798725,4.164052075603397,0.5186048017361011,1.9282505612218823
2245,2.2450003084798724,4.164583760168288,0.5190196176408979,1.9267094460616043
2246,2.2460003084798728,4.16511037922011,0.5194077145069054,1.9252698257463123
2247,2.2470003084798726,4.165630756555513,0.5197724167228274,1.9239189457282373
2248,2.2480003084798725,4.166151504762771,0.5201364769616452,1.9225723330181663
2249,2.2490003084798724,4.166672621596375,0.5204998971170937,1.9212299666891888
2250,2.2500003084798728,4.1671941048128245,0.5208626790740924,1.9198918259562048
2251,2.2510003084798726,4.167715952170605,0.5212248247087902,1.9185578901747493
2252,2.2520003084798725,4.168238161430139,0.5215863358886117,1.917228138839812
2253,2.2530003084798724,4.16876073035376,0.521947214472301,1.9159025515846846
2254,2.2540003084798728,4.16928365670567,0.5223074623099668,1.9145811081798088
2255,2.2550003084798727,4.1698069382519,0.5226670812431266,1.9132637885316424
2256,2.2560003084798725,4.17033057276027,0.5230260731047494,1.9119505726815351
2257,2.2570003084798724,4.170854558000362,0.5233844397193009,1.9106414408046126
2258,2.2580003084798728,4.171378891743474,0.5237421829027862,1.9093363732086746
2259,2.2590003084798727,4.171903571762588,0.5240993044627913,1.9080353503331076
2260,2.2600003084798725,4.172428595832327,0.5244558061985273,1.9067383527478012
2261,2.2610003084798724,4.17295396172892,0.5248116899008715,1.9054453611520812
2262,2.2620003084798728,4.173479667230173,0.5251669573524096,1.9041563563736494
2263,2.2630003084798727,4.1740057101154155,0.5255216103274768,1.90287131936754
2264,2.2640003084798725,4.174532088165479,0.5258756505922,1.9015902312150759
2265,2.2650003084798724,4.17505879916265,0.5262290799045374,1.9003130731228477
2266,2.2660003084798728,4.175585840890638,0.5265819000143201,1.8990398264216932
2267,2.2670003084798727,4.176113211134535,0.5269341126632917,1.8977704725656945
2268,2.2680003084798726,4.176640907680783,0.527285719585148,1.896504993131179
2269,2.2690003084798724,4.177168928317134,0.5276367225055775,1.895243369815734
2270,2.2700003084798728,4.17769727083261,0.5279871231423,1.8939855844372284
2271,2.2710003084798727,4.17822593301747,0.5283369232051055,1.8927316189328496
2272,2.2720003084798726,4.178754912663173,0.5286861243958936,1.8914814553581412
2273,2.2730003084798724,4.179284207562342,0.529034728408711,1.890235075886058
2274,2.274000308479873,4.179813815508722,0.5293827369297904,1.888992462806027
2275,2.2750003084798727,4.180343734297148,0.5297301516375875,1.8877535985230183
2276,2.2760003084798726,4.1808739617235045,0.5300769742028191,1.8865184655566232
2277,2.2770003084798724,4.18140449558469,0.5304232062885,1.8852870465401443
2278,2.278000308479873,4.1819353336785845,0.5307688495499797,1.8840593242196955
2279,2.2790003084798727,4.182466473804,0.5311139056349798,1.8828352814533025
2280,2.2800003084798726,4.182997913760661,0.531458376183629,1.881614901210026
2281,2.2810003084798725,4.183529651349149,0.5318022628285004,1.8803981665690797
2282,2.282000308479873,4.184061684370884,0.5321455671946469,1.879185060718964
2283,2.2830003084798727,4.184594010628068,0.5324882908996358,1.8779755669566105
2284,2.2840003084798726,4.185126627923667,0.5328304355535851,1.8767696686865274
2285,2.2850003084798725,4.185659534061358,0.5331720027591976,1.8755673494199603
2286,2.286000308479873,4.186192726845503,0.5335129941117969,1.8743685927740523
2287,2.2870003084798727,4.186726204081108,0.5338534111993589,1.8731733824710286
2288,2.2880003084798726,4.187259963573783,0.5341932556025492,1.8719817023373666
2289,2.2890003084798725,4.187794003129708,0.5345325288947546,1.8707935363029937
2290,2.290000308479873,4.188328320555598,0.5348712326421178,1.8696088684004806
2291,2.2910003084798727,4.188862913658662,0.5352093684035695,1.8684276827642516
2292,2.2920003084798726,4.189397780246564,0.5355469377308626,1.8672499636297926
2293,2.2930003084798725,4.1899329181273925,0.5358839421686044,1.8660756953328739
2294,2.294000308479873,4.190468325109618,0.5362203832542892,1.8649048623087772
2295,2.2950003084798727,4.19100399900206,0.5365562625183296,1.863737449091536
2296,2.2960003084798726,4.19153993761384,0.5368915814840898,1.8625734403131704
2297,2.2970003084798725,4.192076138754356,0.5372263416679163,1.8614128207029448
2298,2.298000308479873,4.192612600233242,0.5375605445791699,1.8602555750866194
2299,2.2990003084798727,4.193149319860325,0.5378941917202563,1.8591016883857188
2300,2.3000003084798726,4.193686295445591,0.5382272845866573,1.8579511456168014
2301,2.3010003084798725,4.194223524799151,0.5385598246669608,1.8568039318907392
2302,2.3020003084798724,4.194761005731194,0.5388918134428928,1.855660032412
2303,2.3030003084798727,4.195298736051964,0.5392232523893463,1.8545194324779408
2304,2.3040003084798726,4.195836713571705,0.5395541429744102,1.8533821174781113
2305,2.3050003084798725,4.196374936100637,0.5398844866594011,1.8522480728935513
2306,2.3060003084798724,4.196913401448914,0.5402142848988918,1.851117284296107
2307,2.3070003084798727,4.1974521074265825,0.5405435391407395,1.8499897373477503
2308,2.3080003084798726,4.197991051843546,0.5408722508261157,1.8488654177999024
2309,2.3090003084798725,4.198530232509533,0.5412004213895348,1.8477443114927643
2310,2.3100003084798724,4.1990696472340465,0.5415280522588828,1.8466264043546543
2311,2.3110003084798727,4.199609293826339,0.541855144855444,1.8455116824013544
2312,2.3120003084798726,4.200149170095362,0.5421817005939303,1.8444001317354584
2313,2.3130003084798725,4.200689273849742,0.5425077208825083,1.8432917385457293
2314,2.3140003084798724,4.201229602897727,0.5428332071228276,1.8421864891064572
